Instancia: prob_25_1.txt, 2025-05-05 16:59:03

Resultado BRKGA 1: 1350 [(150, 150), (150, 150), (120, 120), (150, 150), (120, 120), (118, 120), (120, 120), (120, 120), (150, 150), (149, 150)]
Resultado BRKGA 2: 1350 [(120, 120), (150, 150), (149, 150), (150, 150), (150, 150), (120, 120), (119, 120), (120, 120), (120, 120), (149, 150)]
Resultado BRKGA 3: 1350 [(150, 150), (119, 120), (150, 150), (149, 150), (149, 150), (120, 120), (120, 120), (120, 120), (120, 120), (150, 150)]
Media dos resultados MS: 1350.0

Instancia: prob_25_2.txt, 2025-05-05 17:00:19

Resultado BRKGA 1: 1310 [(150, 150), (97, 100), (148, 150), (150, 150), (120, 120), (120, 120), (149, 150), (150, 150), (117, 120), [98, 100]]
Resultado BRKGA 2: 1310 [(147, 150), (120, 120), (99, 100), (149, 150), (119, 120), (120, 120), (100, 100), (148, 150), (149, 150), (148, 150)]
Resultado BRKGA 3: 1310 [(148, 150), (150, 150), (119, 120), (120, 120), (99, 100), (147, 150), (100, 100), (148, 150), (148, 150), (120, 120)]
Media dos resultados MS: 1310.0

Instancia: prob_25_3.txt, 2025-05-05 17:00:21

Resultado BRKGA 1: 1140 [(120, 120), (149, 150), (150, 150), (119, 120), (150, 150), (149, 150), (100, 100), [99, 100], [98, 100]]
Resultado BRKGA 2: 1140 [(150, 150), (150, 150), (117, 120), (148, 150), (149, 150), (150, 150), (150, 150), (120, 120)]
Resultado BRKGA 3: 1140 [(149, 150), [99, 100], (150, 150), (99, 100), [98, 100], (150, 150), (120, 120), (119, 120), (150, 150)]
Media dos resultados MS: 1140.0

Instancia: prob_25_4.txt, 2025-05-05 17:00:22

Resultado BRKGA 1: 1190 [(150, 150), (100, 100), (149, 150), (120, 120), (100, 100), (119, 120), (150, 150), (150, 150), (150, 150)]
Resultado BRKGA 2: 1200 [(118, 120), (148, 150), (120, 120), (100, 100), (118, 120), (120, 120), (100, 100), (150, 150), (96, 100), (118, 120)]
Resultado BRKGA 3: 1200 [(148, 150), (119, 120), (120, 120), (120, 120), (118, 120), (99, 100), (118, 120), (97, 100), (100, 100), (149, 150)]
Media dos resultados MS: 1196.6666666666667

Instancia: prob_25_5.txt, 2025-05-05 17:06:13

Resultado BRKGA 1: 1090 [(120, 120), (120, 120), (120, 120), (120, 120), (150, 150), (115, 120), (99, 100), (117, 120), (120, 120)]
Resultado BRKGA 2: 1090 [(100, 100), (100, 100), (148, 150), (120, 120), (150, 150), (100, 100), (98, 100), (149, 150), (116, 120)]
Resultado BRKGA 3: 1090 [(145, 150), (150, 150), (150, 150), (120, 120), (99, 100), (120, 120), (148, 150), (149, 150)]
Media dos resultados MS: 1090.0

Instancia: prob_25_6.txt, 2025-05-05 17:06:16

Resultado BRKGA 1: 1260 [(150, 150), (148, 150), (120, 120), (120, 120), (150, 150), (150, 150), (120, 120), (150, 150), (150, 150)]
Resultado BRKGA 2: 1260 [(150, 150), (150, 150), (150, 150), (120, 120), (120, 120), (150, 150), (149, 150), (150, 150), (119, 120)]
Resultado BRKGA 3: 1260 [(149, 150), (149, 150), (120, 120), (150, 150), (150, 150), (150, 150), (120, 120), (120, 120), (150, 150)]
Media dos resultados MS: 1260.0

Instancia: prob_25_7.txt, 2025-05-05 17:09:17

Resultado BRKGA 1: 1260 [(149, 150), (118, 120), (149, 150), (149, 150), (120, 120), (120, 120), (148, 150), (146, 150), (149, 150)]
Resultado BRKGA 2: 1260 [(148, 150), (147, 150), (145, 150), (120, 120), (150, 150), (150, 150), (148, 150), (120, 120), (120, 120)]
Resultado BRKGA 3: 1260 [(150, 150), (119, 120), (118, 120), (149, 150), (149, 150), (150, 150), (116, 120), (147, 150), (150, 150)]
Media dos resultados MS: 1260.0

Instancia: prob_25_8.txt, 2025-05-05 17:16:47

Resultado BRKGA 1: 1260 [(119, 120), (146, 150), (149, 150), (150, 150), (150, 150), (120, 120), (147, 150), (149, 150), (120, 120)]
