Instancia: prob_25_1.txt, 2025-04-22 23:27:22

Resultado BRKGA 1: 1350 [(120, 120), (120, 120), (120, 120), (119, 120), (150, 150), (150, 150), (120, 120), (149, 150), (150, 150), (149, 150)]
Resultado MS 1: 1360 [(118, 120), (100, 100), (99, 100), (149, 150), (120, 120), (99, 100), (149, 150), (97, 100), (150, 150), (146, 150), (120, 120)]
Resultado SA 1: 1360 [(149, 150), (145, 150), (120, 120), (120, 120), (150, 150), (120, 120), (98, 100), (96, 100), (99, 100), (100, 100), (150, 150)]

Resultado BRKGA 2: 1350 [(120, 120), (120, 120), (150, 150), (120, 120), (120, 120), (150, 150), (150, 150), (149, 150), (119, 120), (149, 150)]
Resultado MS 2: 1360 [(150, 150), (99, 100), (149, 150), (120, 120), (120, 120), (99, 100), (143, 150), (99, 100), (98, 100), (120, 120), (150, 150)]
Resultado SA 2: 1360 [(99, 100), (120, 120), (100, 100), (120, 120), (149, 150), (150, 150), (120, 120), (143, 150), (98, 100), (98, 100), (150, 150)]

Resultado BRKGA 3: 1350 [(120, 120), (120, 120), (120, 120), (120, 120), (150, 150), (118, 120), (150, 150), (150, 150), (150, 150), (149, 150)]
Resultado MS 3: 1360 [(120, 120), (100, 100), (120, 120), (148, 150), (149, 150), (149, 150), (97, 100), (119, 120), (100, 100), (97, 100), (148, 150)]
Resultado SA 3: 1360 [(97, 100), (100, 100), (148, 150), (120, 120), (99, 100), (150, 150), (150, 150), (145, 150), (120, 120), (120, 120), (98, 100)]

Media dos resultados MS: 1350.0

Media dos resultados MS: 1360.0

Media dos resultados SA: 1360.0

Instancia: prob_25_2.txt, 2025-04-22 23:49:54

Resultado BRKGA 1: 1310 [(119, 120), (149, 150), (117, 120), (150, 150), (147, 150), (119, 120), (100, 100), (150, 150), (150, 150), (98, 100)]
Resultado MS 1: 1310 [(100, 100), (150, 150), (120, 120), (98, 100), (117, 120), (150, 150), (98, 100), (97, 100), (99, 100), (120, 120), (150, 150)]
Resultado SA 1: 1310 [(150, 150), (149, 150), (100, 100), (100, 100), (119, 120), (120, 120), (147, 150), (149, 150), (120, 120), (145, 150)]

Resultado BRKGA 2: 1310 [(100, 100), (149, 150), (115, 120), (120, 120), (150, 150), (97, 100), (120, 120), (100, 100), (98, 100), (150, 150), (100, 100)]
Resultado MS 2: 1310 [(150, 150), (119, 120), (149, 150), (119, 120), (99, 100), (120, 120), (148, 150), (147, 150), (150, 150), (98, 100)]
Resultado SA 2: 1310 [(148, 150), (150, 150), (148, 150), (100, 100), (147, 150), (100, 100), (120, 120), (120, 120), (116, 120), (150, 150)]

Resultado BRKGA 3: 1310 [(146, 150), (150, 150), (99, 100), (150, 150), (98, 100), (120, 120), (150, 150), (150, 150), (119, 120), (117, 120)]
Resultado MS 3: 1310 [(150, 150), (146, 150), (120, 120), (116, 120), (119, 120), (100, 100), (150, 150), (148, 150), (150, 150), (100, 100)]
Resultado SA 3: 1310 [(149, 150), (148, 150), (117, 120), (120, 120), (97, 100), (100, 100), (150, 150), (149, 150), (149, 150), (120, 120)]

Media dos resultados MS: 1310.0

Media dos resultados MS: 1310.0

Media dos resultados SA: 1310.0

Instancia: prob_25_3.txt, 2025-04-23 00:12:26

Resultado BRKGA 1: 1140 [(147, 150), (150, 150), (149, 150), (150, 150), (149, 150), (150, 150), (120, 120), (119, 120)]
Resultado MS 1: 1140 [(150, 150), (149, 150), (149, 150), (100, 100), (120, 120), (119, 120), (98, 100), (150, 150), (99, 100)]
Resultado SA 1: 1140 [(119, 120), (148, 150), (120, 120), (150, 150), (150, 150), (149, 150), (99, 100), (99, 100), (100, 100)]

Resultado BRKGA 2: 1140 [(120, 120), (149, 150), (150, 150), (150, 150), (118, 120), (148, 150), (150, 150), (149, 150)]
Resultado MS 2: 1140 [(120, 120), (99, 100), (100, 100), (120, 120), (150, 150), (98, 100), (150, 150), (148, 150), (149, 150)]
Resultado SA 2: 1140 [(150, 150), (120, 120), (150, 150), (100, 100), (99, 100), (97, 100), (150, 150), (120, 120), (148, 150)]

Resultado BRKGA 3: 1140 [(148, 150), (120, 120), (149, 150), (100, 100), (99, 100), (149, 150), (100, 100), (119, 120), (150, 150)]
Resultado MS 3: 1140 [(99, 100), (119, 120), (150, 150), (100, 100), (150, 150), (98, 100), (100, 100), (120, 120), (98, 100), (100, 100)]
Resultado SA 3: 1140 [(120, 120), (118, 120), (98, 100), (150, 150), (150, 150), (150, 150), (99, 100), (99, 100), (150, 150)]

Media dos resultados MS: 1140.0

Media dos resultados MS: 1140.0

Media dos resultados SA: 1140.0

Instancia: prob_25_4.txt, 2025-04-23 00:34:58

Resultado BRKGA 1: 1190 [(120, 120), (120, 120), (100, 100), (150, 150), (100, 100), (150, 150), (149, 150), (149, 150), (150, 150)]
Resultado MS 1: 1200 [(149, 150), (118, 120), (120, 120), (112, 120), (100, 100), (99, 100), (150, 150), (100, 100), (120, 120), (120, 120)]
Resultado SA 1: 1200 [(100, 100), (117, 120), (120, 120), (120, 120), (120, 120), (100, 100), (148, 150), (147, 150), (119, 120), (97, 100)]

Resultado BRKGA 2: 1200 [(119, 120), (120, 120), (118, 120), (94, 100), (120, 120), (120, 120), (100, 100), (149, 150), (150, 150), (98, 100)]
Resultado MS 2: 1200 [(119, 120), (100, 100), (120, 120), (100, 100), (149, 150), (119, 120), (120, 120), (117, 120), (150, 150), (94, 100)]
Resultado SA 2: 1200 [(119, 120), (149, 150), (120, 120), (120, 120), (148, 150), (150, 150), (120, 120), (146, 150), (116, 120)]

Resultado BRKGA 3: 1190 [(150, 150), (120, 120), (100, 100), (120, 120), (149, 150), (100, 100), (150, 150), (149, 150), (150, 150)]
Resultado MS 3: 1200 [(100, 100), (118, 120), (119, 120), (150, 150), (97, 100), (100, 100), (118, 120), (119, 120), (149, 150), (118, 120)]
Resultado SA 3: 1200 [(149, 150), (99, 100), (100, 100), (117, 120), (100, 100), (120, 120), (119, 120), (120, 120), (149, 150), (115, 120)]

Media dos resultados MS: 1193.3333333333333

Media dos resultados MS: 1200.0

Media dos resultados SA: 1200.0

Instancia: prob_25_5.txt, 2025-04-23 00:57:29

Resultado BRKGA 1: 1090 [(149, 150), (149, 150), (150, 150), (120, 120), (97, 100), (149, 150), (148, 150), (119, 120)]
Resultado MS 1: 1090 [(120, 120), (120, 120), (119, 120), (120, 120), (116, 120), (149, 150), (120, 120), (117, 120), (100, 100)]
Resultado SA 1: 1090 [(99, 100), (150, 150), (120, 120), (147, 150), (150, 150), (150, 150), (149, 150), (116, 120)]

Resultado BRKGA 2: 1090 [(120, 120), (119, 120), (100, 100), (150, 150), (150, 150), (147, 150), (145, 150), (150, 150)]
Resultado MS 2: 1090 [(144, 150), (119, 120), (148, 150), (120, 120), (150, 150), (150, 150), (100, 100), (150, 150)]
Resultado SA 2: 1090 [(120, 120), (96, 100), (99, 100), (100, 100), (150, 150), (100, 100), (149, 150), (120, 120), (147, 150)]

Resultado BRKGA 3: 1090 [(149, 150), (100, 100), (120, 120), (150, 150), (120, 120), (147, 150), (148, 150), (147, 150)]
Resultado MS 3: 1090 [(99, 100), (100, 100), (100, 100), (148, 150), (149, 150), (99, 100), (120, 120), (148, 150), (118, 120)]
Resultado SA 3: 1090 [(150, 150), (100, 100), (98, 100), (146, 150), (100, 100), (120, 120), (100, 100), (120, 120), (147, 150)]

Media dos resultados MS: 1090.0

Media dos resultados MS: 1090.0

Media dos resultados SA: 1090.0

Instancia: prob_25_6.txt, 2025-04-23 01:20:00

Resultado BRKGA 1: 1260 [(120, 120), (100, 100), (100, 100), (119, 120), (100, 100), (120, 120), (149, 150), (150, 150), (150, 150), (150, 150)]
Resultado MS 1: 1270 [(118, 120), (100, 100), (119, 120), (120, 120), (150, 150), (120, 120), (117, 120), (120, 120), (150, 150), (144, 150)]
Resultado SA 1: 1270 [(119, 120), (119, 120), (120, 120), (97, 100), (120, 120), (145, 150), (150, 150), (119, 120), (120, 120), (149, 150)]

Resultado BRKGA 2: 1270 [(150, 150), (100, 100), (99, 100), (150, 150), (99, 100), (149, 150), (99, 100), (120, 120), (100, 100), (97, 100), (95, 100)]
Resultado MS 2: 1270 [(99, 100), (100, 100), (100, 100), (150, 150), (97, 100), (120, 120), (149, 150), (100, 100), (149, 150), (96, 100), (98, 100)]
Resultado SA 2: 1270 [(119, 120), (149, 150), (146, 150), (97, 100), (149, 150), (150, 150), (99, 100), (99, 100), (100, 100), (150, 150)]

Resultado BRKGA 3: 1260 [(120, 120), (150, 150), (120, 120), (120, 120), (150, 150), (150, 150), (100, 100), (100, 100), (148, 150), (100, 100)]
Resultado MS 3: 1270 [(150, 150), (150, 150), (120, 120), (113, 120), (150, 150), (120, 120), (119, 120), (99, 100), (120, 120), (117, 120)]
Resultado SA 3: 1270 [(149, 150), (148, 150), (98, 100), (150, 150), (146, 150), (149, 150), (149, 150), (120, 120), (149, 150)]

Media dos resultados MS: 1263.3333333333333

Media dos resultados MS: 1270.0

Media dos resultados SA: 1270.0

Instancia: prob_25_7.txt, 2025-04-23 01:42:32

Resultado BRKGA 1: 1260 [(149, 150), (119, 120), (149, 150), (143, 150), (120, 120), (149, 150), (150, 150), (119, 120), (150, 150)]
Resultado MS 1: 1260 [(150, 150), (150, 150), (100, 100), (119, 120), (95, 100), (120, 120), (115, 120), (150, 150), (149, 150), (100, 100)]
Resultado SA 1: 1260 [(98, 100), (100, 100), (99, 100), (150, 150), (118, 120), (148, 150), (120, 120), (148, 150), (118, 120), (149, 150)]

Resultado BRKGA 2: 1260 [(98, 100), (120, 120), (148, 150), (100, 100), (146, 150), (150, 150), (117, 120), (149, 150), (100, 100), (120, 120)]
Resultado MS 2: 1260 [(117, 120), (120, 120), (100, 100), (147, 150), (100, 100), (149, 150), (98, 100), (148, 150), (119, 120), (150, 150)]
Resultado SA 2: 1260 [(148, 150), (118, 120), (120, 120), (150, 150), (149, 150), (95, 100), (100, 100), (100, 100), (119, 120), (149, 150)]

Resultado BRKGA 3: 1260 [(100, 100), (100, 100), (119, 120), (119, 120), (149, 150), (146, 150), (150, 150), (149, 150), (98, 100), (118, 120)]
Resultado MS 3: 1260 [(120, 120), (100, 100), (97, 100), (148, 150), (118, 120), (100, 100), (148, 150), (118, 120), (150, 150), (149, 150)]
Resultado SA 3: 1260 [(149, 150), (150, 150), (150, 150), (116, 120), (148, 150), (120, 120), (119, 120), (147, 150), (149, 150)]

Media dos resultados MS: 1260.0

Media dos resultados MS: 1260.0

Media dos resultados SA: 1260.0

Instancia: prob_25_8.txt, 2025-04-23 02:05:04

Resultado BRKGA 1: 1250 [(100, 100), (150, 150), (150, 150), (150, 150), (100, 100), (150, 150), (150, 150), (150, 150), (150, 150)]
Resultado MS 1: 1260 [(150, 150), (95, 100), (119, 120), (117, 120), (120, 120), (99, 100), (150, 150), (150, 150), (100, 100), (150, 150)]
Resultado SA 1: 1260 [(150, 150), (148, 150), (150, 150), (99, 100), (99, 100), (97, 100), (117, 120), (120, 120), (120, 120), (150, 150)]

Resultado BRKGA 2: 1250 [(100, 100), (100, 100), (150, 150), (150, 150), (150, 150), (150, 150), (150, 150), (150, 150), (150, 150)]
Resultado MS 2: 1260 [(149, 150), (150, 150), (150, 150), (116, 120), (147, 150), (150, 150), (118, 120), (150, 150), (120, 120)]
Resultado SA 2: 1260 [(100, 100), (100, 100), (149, 150), (147, 150), (118, 120), (97, 100), (119, 120), (120, 120), (150, 150), (150, 150)]

Resultado BRKGA 3: 1260 [(97, 100), (118, 120), (120, 120), (120, 120), (150, 150), (150, 150), (146, 150), (150, 150), (99, 100), (100, 100)]
Resultado MS 3: 1260 [(150, 150), (150, 150), (120, 120), (149, 150), (117, 120), (97, 100), (100, 100), (100, 100), (147, 150), (120, 120)]
Resultado SA 3: 1260 [(99, 100), (148, 150), (150, 150), (100, 100), (120, 120), (150, 150), (148, 150), (119, 120), (116, 120), (100, 100)]

Media dos resultados MS: 1253.3333333333333

Media dos resultados MS: 1260.0

Media dos resultados SA: 1260.0

Instancia: prob_25_9.txt, 2025-04-23 02:27:36

Resultado BRKGA 1: 1350 [(120, 120), (120, 120), (150, 150), (120, 120), (147, 150), (150, 150), (148, 150), (119, 120), (120, 120), (146, 150)]
Resultado MS 1: 1350 [(120, 120), (120, 120), (100, 100), (150, 150), (150, 150), (118, 120), (119, 120), (98, 100), (148, 150), (118, 120), (99, 100)]
Resultado SA 1: 1360 [(100, 100), (118, 120), (150, 150), (100, 100), (150, 150), (93, 100), (116, 120), (150, 150), (98, 100), (117, 120), (148, 150)]

Resultado BRKGA 2: 1350 [(150, 150), (120, 120), (120, 120), (116, 120), (120, 120), (120, 120), (146, 150), (150, 150), (150, 150), (148, 150)]
Resultado MS 2: 1350 [(120, 120), (120, 120), (98, 100), (120, 120), (99, 100), (146, 150), (148, 150), (99, 100), (120, 120), (150, 150), (120, 120)]
Resultado SA 2: 1360 [(98, 100), (120, 120), (146, 150), (147, 150), (116, 120), (150, 150), (150, 150), (148, 150), (120, 120), (145, 150)]

Resultado BRKGA 3: 1350 [(150, 150), (120, 120), (120, 120), (148, 150), (120, 120), (116, 120), (150, 150), (119, 120), (149, 150), (148, 150)]
Resultado MS 3: 1350 [(99, 100), (149, 150), (150, 150), (150, 150), (100, 100), (100, 100), (99, 100), (100, 100), (147, 150), (98, 100), (148, 150)]
Resultado SA 3: 1350 [(120, 120), (119, 120), (150, 150), (99, 100), (149, 150), (117, 120), (120, 120), (100, 100), (120, 120), (148, 150), (98, 100)]

Media dos resultados MS: 1350.0

Media dos resultados MS: 1350.0

Media dos resultados SA: 1356.6666666666667

Instancia: prob_25_10.txt, 2025-04-23 02:50:08

Resultado BRKGA 1: 1370 [(119, 120), (99, 100), (150, 150), (150, 150), (149, 150), (150, 150), (150, 150), (149, 150), (150, 150), (97, 100)]
Resultado MS 1: 1380 [(120, 120), (99, 100), (120, 120), (149, 150), (150, 150), (148, 150), (117, 120), (100, 100), (120, 120), (97, 100), (143, 150)]
Resultado SA 1: 1380 [(150, 150), (117, 120), (99, 100), (150, 150), (97, 100), (120, 120), (120, 120), (98, 100), (112, 120), (150, 150), (150, 150)]

Resultado BRKGA 2: 1370 [(98, 100), (99, 100), (149, 150), (147, 150), (120, 120), (150, 150), (150, 150), (150, 150), (150, 150), (150, 150)]
Resultado MS 2: 1380 [(112, 120), (99, 100), (100, 100), (117, 120), (150, 150), (99, 100), (146, 150), (150, 150), (120, 120), (150, 150), (120, 120)]
Resultado SA 2: 1380 [(120, 120), (144, 150), (96, 100), (120, 120), (119, 120), (100, 100), (150, 150), (119, 120), (150, 150), (150, 150), (95, 100)]

Resultado BRKGA 3: 1370 [(100, 100), (99, 100), (120, 120), (150, 150), (149, 150), (150, 150), (150, 150), (150, 150), (150, 150), (145, 150)]
Resultado MS 3: 1380 [(119, 120), (114, 120), (148, 150), (120, 120), (150, 150), (120, 120), (150, 150), (149, 150), (150, 150), (143, 150)]
Resultado SA 3: 1380 [(149, 150), (146, 150), (99, 100), (150, 150), (99, 100), (100, 100), (119, 120), (111, 120), (120, 120), (120, 120), (150, 150)]

Media dos resultados MS: 1370.0

Media dos resultados MS: 1380.0

Media dos resultados SA: 1380.0

Instancia: prob_50_1.txt, 2025-04-23 03:12:41

Resultado BRKGA 1: 1940 [(118, 120), (120, 120), (120, 120), (119, 120), (100, 100), (120, 120), (119, 120), (150, 150), (150, 150), (150, 150), (150, 150), (98, 100), (150, 150), (120, 120), (150, 150)]
Resultado MS 1: 1940 [(100, 100), (100, 100), (150, 150), (100, 100), (100, 100), (120, 120), (117, 120), (120, 120), (120, 120), (120, 120), (150, 150), (100, 100), (119, 120), (150, 150), (119, 120), (149, 150)]
Resultado SA 1: 1950 [(100, 100), (120, 120), (150, 150), (150, 150), (100, 100), (148, 150), (117, 120), (149, 150), (100, 100), (149, 150), (115, 120), (100, 100), (100, 100), (120, 120), (100, 100), (116, 120)]

Resultado BRKGA 2: 1940 [(148, 150), (120, 120), (100, 100), (100, 100), (100, 100), (150, 150), (150, 150), (100, 100), (150, 150), (148, 150), (118, 120), (150, 150), (100, 100), (150, 150), (150, 150)]
Resultado MS 2: 1950 [(118, 120), (120, 120), (148, 150), (120, 120), (100, 100), (120, 120), (117, 120), (117, 120), (150, 150), (100, 100), (120, 120), (120, 120), (120, 120), (115, 120), (149, 150), (100, 100)]
Resultado SA 2: 1950 [(94, 100), (120, 120), (100, 100), (98, 100), (100, 100), (120, 120), (117, 120), (120, 120), (150, 150), (100, 100), (149, 150), (99, 100), (149, 150), (148, 150), (120, 120), (150, 150)]

Resultado BRKGA 3: 1940 [(149, 150), (148, 150), (100, 100), (150, 150), (149, 150), (100, 100), (150, 150), (100, 100), (150, 150), (120, 120), (100, 100), (149, 150), (120, 120), (99, 100), (150, 150)]
Resultado MS 3: 1950 [(100, 100), (150, 150), (150, 150), (118, 120), (147, 150), (120, 120), (100, 100), (119, 120), (150, 150), (100, 100), (99, 100), (100, 100), (120, 120), (150, 150), (111, 120), (100, 100)]
Resultado SA 3: 1950 [(117, 120), (118, 120), (149, 150), (120, 120), (100, 100), (150, 150), (147, 150), (149, 150), (148, 150), (119, 120), (119, 120), (150, 150), (100, 100), (100, 100), (148, 150)]

Media dos resultados MS: 1940.0

Media dos resultados MS: 1946.6666666666667

Media dos resultados SA: 1950.0

Instancia: prob_50_2.txt, 2025-04-23 03:35:14

Resultado BRKGA 1: 2210 [(100, 100), (150, 150), (120, 120), (120, 120), (149, 150), (119, 120), (120, 120), (150, 150), (150, 150), (120, 120), (149, 150), (120, 120), (118, 120), (120, 120), (148, 150), (150, 150), (100, 100)]
Resultado MS 1: 2220 [(120, 120), (100, 100), (150, 150), (148, 150), (99, 100), (115, 120), (99, 100), (100, 100), (119, 120), (118, 120), (100, 100), (99, 100), (120, 120), (120, 120), (149, 150), (150, 150), (148, 150), (149, 150)]
Resultado SA 1: 2220 [(120, 120), (150, 150), (150, 150), (99, 100), (150, 150), (149, 150), (120, 120), (117, 120), (120, 120), (150, 150), (149, 150), (120, 120), (99, 100), (99, 100), (99, 100), (97, 100), (98, 100), (117, 120)]

Resultado BRKGA 2: 2210 [(120, 120), (120, 120), (119, 120), (119, 120), (150, 150), (119, 120), (150, 150), (149, 150), (99, 100), (119, 120), (120, 120), (150, 150), (120, 120), (150, 150), (150, 150), (149, 150), (100, 100)]
Resultado MS 2: 2220 [(120, 120), (150, 150), (117, 120), (150, 150), (149, 150), (149, 150), (120, 120), (99, 100), (150, 150), (149, 150), (118, 120), (120, 120), (150, 150), (99, 100), (119, 120), (98, 100), (146, 150)]
Resultado SA 2: 2220 [(100, 100), (150, 150), (99, 100), (145, 150), (119, 120), (119, 120), (100, 100), (97, 100), (120, 120), (99, 100), (120, 120), (150, 150), (99, 100), (150, 150), (119, 120), (149, 150), (148, 150), (120, 120)]

Resultado BRKGA 3: 2210 [(120, 120), (120, 120), (120, 120), (120, 120), (120, 120), (100, 100), (149, 150), (120, 120), (120, 120), (150, 150), (149, 150), (150, 150), (150, 150), (150, 150), (119, 120), (146, 150), (100, 100)]
Resultado MS 3: 2220 [(100, 100), (120, 120), (117, 120), (150, 150), (120, 120), (120, 120), (120, 120), (120, 120), (99, 100), (100, 100), (116, 120), (119, 120), (150, 150), (119, 120), (100, 100), (99, 100), (115, 120), (99, 100), (120, 120)]
Resultado SA 3: 2220 [(149, 150), (147, 150), (119, 120), (118, 120), (100, 100), (100, 100), (99, 100), (100, 100), (99, 100), (119, 120), (118, 120), (99, 100), (149, 150), (120, 120), (119, 120), (148, 150), (150, 150), (150, 150)]

Media dos resultados MS: 2210.0

Media dos resultados MS: 2220.0

Media dos resultados SA: 2220.0

Instancia: prob_50_3.txt, 2025-04-23 03:57:49

Resultado BRKGA 1: 2710 [(120, 120), (119, 120), (120, 120), (120, 120), (119, 120), (100, 100), (117, 120), (119, 120), (149, 150), (149, 150), (150, 150), (149, 150), (150, 150), (150, 150), (150, 150), (150, 150), (150, 150), (149, 150), (150, 150), (120, 120)]
Resultado MS 1: 2740 [(120, 120), (150, 150), (99, 100), (150, 150), (96, 100), (120, 120), (148, 150), (150, 150), (119, 120), (120, 120), (114, 120), (146, 150), (119, 120), (117, 120), (147, 150), (148, 150), (142, 150), (149, 150), (100, 100), (96, 100), (150, 150)]
Resultado SA 1: 2750 [(100, 100), (100, 100), (99, 100), (150, 150), (147, 150), (98, 100), (144, 150), (146, 150), (119, 120), (119, 120), (117, 120), (143, 150), (148, 150), (149, 150), (115, 120), (147, 150), (120, 120), (147, 150), (94, 100), (150, 150), (148, 150)]

Resultado BRKGA 2: 2720 [(120, 120), (100, 100), (120, 120), (120, 120), (93, 100), (150, 150), (149, 150), (150, 150), (147, 150), (119, 120), (150, 150), (119, 120), (150, 150), (148, 150), (149, 150), (150, 150), (150, 150), (150, 150), (118, 120), (148, 150)]
Resultado MS 2: 2740 [(119, 120), (149, 150), (115, 120), (119, 120), (116, 120), (116, 120), (117, 120), (120, 120), (100, 100), (120, 120), (150, 150), (150, 150), (120, 120), (86, 100), (119, 120), (120, 120), (148, 150), (100, 100), (100, 100), (148, 150), (149, 150), (119, 120)]
Resultado SA 2: 2760 [(118, 120), (120, 120), (99, 100), (94, 100), (112, 120), (118, 120), (147, 150), (119, 120), (100, 100), (120, 120), (110, 120), (99, 100), (149, 150), (100, 100), (120, 120), (99, 100), (116, 120), (116, 120), (116, 120), (150, 150), (147, 150), (119, 120), (112, 120)]

Resultado BRKGA 3: 2720 [(120, 120), (120, 120), (119, 120), (119, 120), (119, 120), (149, 150), (148, 150), (148, 150), (150, 150), (119, 120), (150, 150), (147, 150), (150, 150), (150, 150), (149, 150), (150, 150), (147, 150), (148, 150), (100, 100), (98, 100)]
Resultado MS 3: 2740 [(150, 150), (98, 100), (148, 150), (98, 100), (98, 100), (116, 120), (99, 100), (118, 120), (99, 100), (94, 100), (120, 120), (119, 120), (149, 150), (99, 100), (100, 100), (150, 150), (100, 100), (113, 120), (116, 120), (119, 120), (150, 150), (149, 150), (98, 100)]
Resultado SA 3: 2740 [(119, 120), (99, 100), (120, 120), (145, 150), (115, 120), (150, 150), (100, 100), (100, 100), (118, 120), (150, 150), (116, 120), (100, 100), (98, 100), (99, 100), (150, 150), (119, 120), (98, 100), (149, 150), (117, 120), (150, 150), (99, 100), (94, 100), (95, 100)]

Media dos resultados MS: 2716.6666666666665

Media dos resultados MS: 2740.0

Media dos resultados SA: 2750.0

Instancia: prob_50_4.txt, 2025-04-23 04:20:23

Resultado BRKGA 1: 2530 [(119, 120), (116, 120), (120, 120), (120, 120), (120, 120), (120, 120), (120, 120), (120, 120), (120, 120), (119, 120), (120, 120), (119, 120), (120, 120), (118, 120), (149, 150), (150, 150), (150, 150), (150, 150), (149, 150), (100, 100)]
Resultado MS 1: 2550 [(117, 120), (99, 100), (93, 100), (147, 150), (120, 120), (150, 150), (120, 120), (119, 120), (98, 100), (100, 100), (119, 120), (116, 120), (100, 100), (98, 100), (150, 150), (100, 100), (99, 100), (114, 120), (120, 120), (120, 120), (120, 120), (100, 100)]
Resultado SA 1: 2550 [(150, 150), (99, 100), (150, 150), (148, 150), (116, 120), (120, 120), (147, 150), (100, 100), (150, 150), (114, 120), (148, 150), (98, 100), (120, 120), (150, 150), (119, 120), (144, 150), (150, 150), (149, 150), (147, 150)]

Resultado BRKGA 2: 2530 [(120, 120), (119, 120), (120, 120), (119, 120), (149, 150), (119, 120), (120, 120), (119, 120), (120, 120), (119, 120), (120, 120), (120, 120), (150, 150), (120, 120), (150, 150), (120, 120), (120, 120), (149, 150), (146, 150), (100, 100)]
Resultado MS 2: 2540 [(119, 120), (99, 100), (148, 150), (120, 120), (150, 150), (99, 100), (120, 120), (120, 120), (100, 100), (98, 100), (116, 120), (150, 150), (150, 150), (148, 150), (148, 150), (145, 150), (120, 120), (149, 150), (120, 120), (100, 100)]
Resultado SA 2: 2560 [(149, 150), (119, 120), (99, 100), (120, 120), (117, 120), (149, 150), (96, 100), (120, 120), (97, 100), (146, 150), (120, 120), (146, 150), (117, 120), (120, 120), (149, 150), (119, 120), (150, 150), (150, 150), (97, 100), (139, 150)]

Resultado BRKGA 3: 2530 [(99, 100), (120, 120), (119, 120), (119, 120), (120, 120), (120, 120), (120, 120), (119, 120), (120, 120), (120, 120), (120, 120), (119, 120), (120, 120), (120, 120), (118, 120), (148, 150), (150, 150), (150, 150), (150, 150), (148, 150)]
Resultado MS 3: 2550 [(150, 150), (120, 120), (149, 150), (150, 150), (150, 150), (99, 100), (100, 100), (97, 100), (119, 120), (116, 120), (120, 120), (146, 150), (94, 100), (148, 150), (150, 150), (148, 150), (100, 100), (148, 150), (96, 100), (119, 120)]
Resultado SA 3: 2560 [(100, 100), (120, 120), (94, 100), (100, 100), (120, 120), (118, 120), (116, 120), (93, 100), (100, 100), (100, 100), (120, 120), (120, 120), (150, 150), (89, 100), (118, 120), (149, 150), (149, 150), (147, 150), (148, 150), (118, 120), (150, 150)]

Media dos resultados MS: 2530.0

Media dos resultados MS: 2546.6666666666665

Media dos resultados SA: 2556.6666666666665

Instancia: prob_50_5.txt, 2025-04-23 04:42:57

Resultado BRKGA 1: 2600 [(150, 150), (120, 120), (118, 120), (120, 120), (119, 120), (100, 100), (119, 120), (120, 120), (120, 120), (120, 120), (99, 100), (120, 120), (120, 120), (150, 150), (145, 150), (150, 150), (150, 150), (149, 150), (150, 150), (149, 150)]
Resultado MS 1: 2620 [(120, 120), (100, 100), (118, 120), (150, 150), (118, 120), (120, 120), (96, 100), (119, 120), (120, 120), (116, 120), (143, 150), (150, 150), (119, 120), (117, 120), (120, 120), (150, 150), (149, 150), (118, 120), (100, 100), (99, 100), (146, 150)]
Resultado SA 1: 2630 [(118, 120), (150, 150), (100, 100), (141, 150), (149, 150), (150, 150), (96, 100), (149, 150), (119, 120), (150, 150), (98, 100), (120, 120), (149, 150), (147, 150), (142, 150), (120, 120), (94, 100), (100, 100), (150, 150), (146, 150)]

Resultado BRKGA 2: 2600 [(119, 120), (120, 120), (148, 150), (119, 120), (119, 120), (120, 120), (118, 120), (120, 120), (119, 120), (120, 120), (150, 150), (120, 120), (150, 150), (150, 150), (150, 150), (100, 100), (148, 150), (150, 150), (148, 150), (100, 100)]
Resultado MS 2: 2610 [(120, 120), (118, 120), (119, 120), (119, 120), (120, 120), (120, 120), (150, 150), (148, 150), (119, 120), (97, 100), (119, 120), (100, 100), (120, 120), (120, 120), (119, 120), (147, 150), (119, 120), (150, 150), (120, 120), (150, 150), (94, 100)]
Resultado SA 2: 2630 [(144, 150), (150, 150), (150, 150), (150, 150), (150, 150), (95, 100), (144, 150), (150, 150), (118, 120), (120, 120), (150, 150), (150, 150), (119, 120), (146, 150), (118, 120), (146, 150), (89, 100), (150, 150), (149, 150)]

Resultado BRKGA 3: 2600 [(119, 120), (149, 150), (149, 150), (120, 120), (120, 120), (149, 150), (120, 120), (119, 120), (150, 150), (119, 120), (120, 120), (119, 120), (120, 120), (118, 120), (150, 150), (150, 150), (100, 100), (100, 100), (147, 150), (150, 150)]
Resultado MS 3: 2620 [(97, 100), (117, 120), (150, 150), (120, 120), (119, 120), (115, 120), (99, 100), (120, 120), (150, 150), (150, 150), (117, 120), (119, 120), (100, 100), (150, 150), (147, 150), (98, 100), (118, 120), (116, 120), (120, 120), (146, 150), (120, 120)]
Resultado SA 3: 2630 [(100, 100), (149, 150), (148, 150), (149, 150), (148, 150), (99, 100), (148, 150), (119, 120), (149, 150), (78, 100), (149, 150), (117, 120), (119, 120), (120, 120), (100, 100), (99, 100), (150, 150), (149, 150), (148, 150), (150, 150)]

Media dos resultados MS: 2600.0

Media dos resultados MS: 2616.6666666666665

Media dos resultados SA: 2630.0

Instancia: prob_50_6.txt, 2025-04-23 05:05:30

Resultado BRKGA 1: 2320 [(100, 100), (120, 120), (120, 120), (120, 120), (149, 150), (150, 150), (149, 150), (150, 150), (120, 120), (149, 150), (120, 120), (150, 150), (149, 150), (150, 150), (120, 120), (150, 150), (150, 150)]
Resultado MS 1: 2330 [(150, 150), (120, 120), (120, 120), (149, 150), (100, 100), (100, 100), (150, 150), (120, 120), (150, 150), (149, 150), (97, 100), (99, 100), (120, 120), (149, 150), (149, 150), (147, 150), (150, 150), (97, 100)]
Resultado SA 1: 2340 [(120, 120), (119, 120), (100, 100), (112, 120), (150, 150), (100, 100), (118, 120), (100, 100), (119, 120), (150, 150), (120, 120), (146, 150), (98, 100), (99, 100), (150, 150), (149, 150), (150, 150), (96, 100), (120, 120)]

Resultado BRKGA 2: 2320 [(149, 150), (150, 150), (99, 100), (150, 150), (149, 150), (150, 150), (120, 120), (149, 150), (150, 150), (150, 150), (150, 150), (150, 150), (150, 150), (150, 150), (150, 150), (150, 150)]
Resultado MS 2: 2330 [(150, 150), (150, 150), (120, 120), (119, 120), (117, 120), (118, 120), (150, 150), (119, 120), (119, 120), (150, 150), (120, 120), (120, 120), (149, 150), (120, 120), (100, 100), (96, 100), (149, 150), (150, 150)]
Resultado SA 2: 2340 [(99, 100), (149, 150), (119, 120), (148, 150), (100, 100), (99, 100), (150, 150), (120, 120), (150, 150), (119, 120), (120, 120), (100, 100), (150, 150), (146, 150), (98, 100), (120, 120), (113, 120), (118, 120), (98, 100)]

Resultado BRKGA 3: 2320 [(120, 120), (119, 120), (120, 120), (150, 150), (120, 120), (120, 120), (120, 120), (150, 150), (150, 150), (150, 150), (150, 150), (149, 150), (100, 100), (149, 150), (150, 150), (149, 150), (150, 150)]
Resultado MS 3: 2330 [(100, 100), (148, 150), (118, 120), (120, 120), (99, 100), (150, 150), (150, 150), (96, 100), (117, 120), (100, 100), (150, 150), (100, 100), (120, 120), (150, 150), (150, 150), (100, 100), (100, 100), (149, 150), (99, 100)]
Resultado SA 3: 2340 [(120, 120), (100, 100), (150, 150), (120, 120), (150, 150), (119, 120), (99, 100), (120, 120), (144, 150), (118, 120), (148, 150), (115, 120), (119, 120), (150, 150), (150, 150), (95, 100), (149, 150), (150, 150)]

Media dos resultados MS: 2320.0

Media dos resultados MS: 2330.0

Media dos resultados SA: 2340.0

Instancia: prob_50_7.txt, 2025-04-23 05:28:02

Resultado BRKGA 1: 2500 [(99, 100), (119, 120), (99, 100), (98, 100), (149, 150), (119, 120), (120, 120), (98, 100), (149, 150), (119, 120), (150, 150), (150, 150), (149, 150), (150, 150), (150, 150), (149, 150), (150, 150), (120, 120), (149, 150)]
Resultado MS 1: 2510 [(120, 120), (120, 120), (100, 100), (119, 120), (150, 150), (150, 150), (148, 150), (117, 120), (100, 100), (119, 120), (150, 150), (120, 120), (147, 150), (148, 150), (99, 100), (97, 100), (149, 150), (117, 120), (117, 120), (99, 100)]
Resultado SA 1: 2520 [(149, 150), (120, 120), (120, 120), (118, 120), (147, 150), (117, 120), (119, 120), (149, 150), (118, 120), (150, 150), (99, 100), (99, 100), (99, 100), (112, 120), (117, 120), (120, 120), (150, 150), (119, 120), (150, 150), (114, 120)]

Resultado BRKGA 2: 2500 [(150, 150), (150, 150), (120, 120), (116, 120), (120, 120), (119, 120), (150, 150), (150, 150), (149, 150), (150, 150), (148, 150), (149, 150), (149, 150), (120, 120), (100, 100), (149, 150), (150, 150), (147, 150)]
Resultado MS 2: 2510 [(120, 120), (97, 100), (100, 100), (98, 100), (120, 120), (150, 150), (100, 100), (99, 100), (120, 120), (98, 100), (97, 100), (120, 120), (118, 120), (99, 100), (100, 100), (147, 150), (120, 120), (99, 100), (118, 120), (120, 120), (147, 150), (99, 100)]
Resultado SA 2: 2520 [(100, 100), (149, 150), (120, 120), (149, 150), (150, 150), (116, 120), (150, 150), (146, 150), (96, 100), (120, 120), (116, 120), (96, 100), (120, 120), (149, 150), (148, 150), (97, 100), (99, 100), (148, 150), (117, 120), (100, 100)]

Resultado BRKGA 3: 2500 [(119, 120), (145, 150), (119, 120), (120, 120), (98, 100), (119, 120), (150, 150), (150, 150), (149, 150), (149, 150), (150, 150), (120, 120), (150, 150), (148, 150), (150, 150), (150, 150), (150, 150), (150, 150)]
Resultado MS 3: 2510 [(99, 100), (150, 150), (97, 100), (100, 100), (146, 150), (100, 100), (149, 150), (150, 150), (100, 100), (148, 150), (119, 120), (149, 150), (149, 150), (146, 150), (149, 150), (149, 150), (120, 120), (148, 150), (118, 120)]
Resultado SA 3: 2520 [(117, 120), (147, 150), (148, 150), (149, 150), (120, 120), (149, 150), (100, 100), (117, 120), (97, 100), (99, 100), (148, 150), (147, 150), (120, 120), (150, 150), (117, 120), (149, 150), (149, 150), (150, 150), (113, 120)]

Media dos resultados MS: 2500.0

Media dos resultados MS: 2510.0

Media dos resultados SA: 2520.0

Instancia: prob_50_8.txt, 2025-04-23 05:50:39

Resultado BRKGA 1: 2730 [(120, 120), (120, 120), (150, 150), (119, 120), (119, 120), (120, 120), (150, 150), (120, 120), (147, 150), (120, 120), (119, 120), (150, 150), (148, 150), (150, 150), (120, 120), (150, 150), (149, 150), (149, 150), (98, 100), (99, 100), (100, 100)]
Resultado MS 1: 2750 [(97, 100), (149, 150), (100, 100), (148, 150), (100, 100), (120, 120), (150, 150), (119, 120), (149, 150), (147, 150), (116, 120), (120, 120), (112, 120), (100, 100), (120, 120), (149, 150), (120, 120), (100, 100), (116, 120), (119, 120), (150, 150), (116, 120)]
Resultado SA 1: 2750 [(98, 100), (149, 150), (99, 100), (148, 150), (100, 100), (120, 120), (120, 120), (100, 100), (148, 150), (150, 150), (120, 120), (112, 120), (100, 100), (150, 150), (98, 100), (144, 150), (120, 120), (148, 150), (147, 150), (150, 150), (99, 100), (97, 100)]

Resultado BRKGA 2: 2730 [(149, 150), (100, 100), (150, 150), (118, 120), (150, 150), (100, 100), (120, 120), (148, 150), (120, 120), (119, 120), (150, 150), (150, 150), (150, 150), (147, 150), (100, 100), (150, 150), (99, 100), (98, 100), (150, 150), (150, 150), (99, 100)]
Resultado MS 2: 2750 [(149, 150), (150, 150), (118, 120), (150, 150), (99, 100), (145, 150), (120, 120), (93, 100), (150, 150), (118, 120), (150, 150), (119, 120), (120, 120), (117, 120), (98, 100), (117, 120), (119, 120), (100, 100), (97, 100), (118, 120), (120, 120), (150, 150)]
Resultado SA 2: 2750 [(148, 150), (99, 100), (100, 100), (97, 100), (119, 120), (120, 120), (97, 100), (100, 100), (150, 150), (150, 150), (119, 120), (117, 120), (149, 150), (100, 100), (148, 150), (150, 150), (93, 100), (120, 120), (150, 150), (149, 150), (99, 100), (143, 150)]

Resultado BRKGA 3: 2730 [(119, 120), (120, 120), (120, 120), (150, 150), (119, 120), (149, 150), (150, 150), (119, 120), (148, 150), (150, 150), (120, 120), (120, 120), (149, 150), (150, 150), (150, 150), (150, 150), (150, 150), (147, 150), (117, 120), (120, 120)]
Resultado MS 3: 2750 [(149, 150), (120, 120), (120, 120), (149, 150), (99, 100), (99, 100), (118, 120), (118, 120), (145, 150), (145, 150), (120, 120), (119, 120), (119, 120), (149, 150), (150, 150), (148, 150), (120, 120), (119, 120), (150, 150), (144, 150), (117, 120)]
Resultado SA 3: 2760 [(100, 100), (149, 150), (98, 100), (150, 150), (100, 100), (150, 150), (118, 120), (150, 150), (119, 120), (98, 100), (148, 150), (119, 120), (117, 120), (119, 120), (111, 120), (98, 100), (150, 150), (93, 100), (144, 150), (120, 120), (146, 150), (120, 120)]

Media dos resultados MS: 2730.0

Media dos resultados MS: 2750.0

Media dos resultados SA: 2753.3333333333335

Instancia: prob_50_9.txt, 2025-04-23 06:13:14

Resultado BRKGA 1: 2150 [(100, 100), (150, 150), (149, 150), (120, 120), (149, 150), (149, 150), (100, 100), (150, 150), (150, 150), (120, 120), (100, 100), (150, 150), (119, 120), (100, 100), (118, 120), (118, 120), (98, 100)]
Resultado MS 1: 2150 [(120, 120), (145, 150), (120, 120), (150, 150), (120, 120), (149, 150), (150, 150), (100, 100), (100, 100), (100, 100), (120, 120), (100, 100), (150, 150), (100, 100), (150, 150), (118, 120), (148, 150)]
Resultado SA 1: 2160 [(149, 150), (120, 120), (119, 120), (148, 150), (148, 150), (150, 150), (150, 150), (150, 150), (100, 100), (96, 100), (150, 150), (100, 100), (118, 120), (147, 150), (145, 150), (150, 150)]

Resultado BRKGA 2: 2150 [(150, 150), (120, 120), (119, 120), (150, 150), (120, 120), (149, 150), (147, 150), (120, 120), (150, 150), (119, 120), (100, 100), (149, 150), (150, 150), (100, 100), (149, 150), (148, 150)]
Resultado MS 2: 2160 [(120, 120), (119, 120), (120, 120), (120, 120), (100, 100), (147, 150), (100, 100), (119, 120), (116, 120), (149, 150), (120, 120), (94, 100), (150, 150), (149, 150), (148, 150), (149, 150), (120, 120)]
Resultado SA 2: 2160 [(100, 100), (146, 150), (149, 150), (120, 120), (149, 150), (97, 100), (117, 120), (100, 100), (97, 100), (120, 120), (100, 100), (147, 150), (150, 150), (150, 150), (149, 150), (100, 100), (149, 150)]

Resultado BRKGA 3: 2150 [(150, 150), (120, 120), (120, 120), (120, 120), (120, 120), (120, 120), (120, 120), (120, 120), (120, 120), (150, 150), (120, 120), (119, 120), (100, 100), (99, 100), (150, 150), (142, 150), (150, 150)]
Resultado MS 3: 2150 [(100, 100), (149, 150), (118, 120), (100, 100), (150, 150), (100, 100), (98, 100), (119, 120), (150, 150), (150, 150), (99, 100), (149, 150), (119, 120), (150, 150), (150, 150), (120, 120), (119, 120)]
Resultado SA 3: 2150 [(100, 100), (150, 150), (100, 100), (119, 120), (120, 120), (100, 100), (149, 150), (120, 120), (149, 150), (150, 150), (150, 150), (150, 150), (120, 120), (117, 120), (100, 100), (97, 100), (149, 150)]

Media dos resultados MS: 2150.0

Media dos resultados MS: 2153.3333333333335

Media dos resultados SA: 2156.6666666666665

Instancia: prob_50_10.txt, 2025-04-23 06:35:49

Resultado BRKGA 1: 2640 [(120, 120), (119, 120), (120, 120), (119, 120), (119, 120), (115, 120), (150, 150), (120, 120), (120, 120), (150, 150), (150, 150), (119, 120), (150, 150), (150, 150), (119, 120), (120, 120), (149, 150), (149, 150), (116, 120), (147, 150)]
Resultado MS 1: 2650 [(116, 120), (99, 100), (99, 100), (100, 100), (116, 120), (119, 120), (150, 150), (150, 150), (118, 120), (150, 150), (114, 120), (119, 120), (147, 150), (118, 120), (97, 100), (150, 150), (120, 120), (119, 120), (120, 120), (150, 150), (150, 150)]
Resultado SA 1: 2670 [(150, 150), (116, 120), (118, 120), (149, 150), (118, 120), (100, 100), (96, 100), (118, 120), (119, 120), (150, 150), (98, 100), (120, 120), (95, 100), (146, 150), (150, 150), (95, 100), (117, 120), (118, 120), (115, 120), (97, 100), (117, 120), (119, 120)]

Resultado BRKGA 2: 2640 [(120, 120), (150, 150), (118, 120), (150, 150), (119, 120), (149, 150), (119, 120), (148, 150), (119, 120), (150, 150), (120, 120), (150, 150), (150, 150), (117, 120), (147, 150), (149, 150), (147, 150), (150, 150), (149, 150)]
Resultado MS 2: 2650 [(117, 120), (144, 150), (149, 150), (120, 120), (118, 120), (116, 120), (149, 150), (148, 150), (118, 120), (150, 150), (97, 100), (150, 150), (120, 120), (149, 150), (119, 120), (120, 120), (119, 120), (119, 120), (149, 150), (150, 150)]
Resultado SA 2: 2670 [(144, 150), (91, 100), (149, 150), (120, 120), (98, 100), (119, 120), (100, 100), (114, 120), (118, 120), (120, 120), (150, 150), (150, 150), (149, 150), (147, 150), (100, 100), (98, 100), (144, 150), (114, 120), (97, 100), (149, 150), (150, 150)]

Resultado BRKGA 3: 2640 [(150, 150), (145, 150), (120, 120), (120, 120), (120, 120), (120, 120), (149, 150), (149, 150), (120, 120), (120, 120), (119, 120), (116, 120), (120, 120), (120, 120), (150, 150), (114, 120), (120, 120), (150, 150), (149, 150), (150, 150)]
Resultado MS 3: 2660 [(119, 120), (150, 150), (150, 150), (100, 100), (100, 100), (98, 100), (100, 100), (120, 120), (120, 120), (109, 120), (120, 120), (147, 150), (120, 120), (150, 150), (96, 100), (147, 150), (115, 120), (148, 150), (147, 150), (150, 150), (115, 120)]
Resultado SA 3: 2680 [(149, 150), (148, 150), (97, 100), (92, 100), (100, 100), (148, 150), (145, 150), (147, 150), (118, 120), (100, 100), (150, 150), (148, 150), (148, 150), (120, 120), (150, 150), (149, 150), (95, 100), (99, 100), (99, 100), (120, 120), (99, 120)]

Media dos resultados MS: 2640.0

Media dos resultados MS: 2653.3333333333335

Media dos resultados SA: 2673.3333333333335

Instancia: prob_100_1.txt, 2025-04-23 06:58:24

Resultado BRKGA 1: 4900 [(150, 150), (100, 100), (116, 120), (100, 100), (120, 120), (146, 150), (150, 150), (150, 150), (150, 150), (120, 120), (149, 150), (120, 120), (150, 150), (148, 150), (120, 120), (149, 150), (150, 150), (148, 150), (120, 120), (120, 120), (147, 150), (97, 100), (120, 120), (150, 150), (150, 150), (140, 150), (100, 100), (149, 150), (100, 100), (100, 100), (100, 100), (120, 120), (150, 150), (100, 100), (100, 100), (149, 150), (119, 120), (98, 100)]
Resultado MS 1: 4900 [(120, 120), (120, 120), (120, 120), (98, 100), (119, 120), (148, 150), (120, 120), (150, 150), (119, 120), (116, 120), (148, 150), (150, 150), (149, 150), (120, 120), (150, 150), (99, 100), (99, 100), (150, 150), (150, 150), (118, 120), (150, 150), (100, 100), (149, 150), (149, 150), (120, 120), (94, 100), (150, 150), (100, 100), (148, 150), (150, 150), (149, 150), (150, 150), (150, 150), (95, 100), (100, 100), (99, 100), (99, 100), (150, 150)]
Resultado SA 1: 4930 [(150, 150), (150, 150), (150, 150), (96, 100), (150, 150), (148, 150), (149, 150), (119, 120), (150, 150), (150, 150), (100, 100), (119, 120), (119, 120), (97, 100), (100, 100), (98, 100), (147, 150), (148, 150), (100, 100), (97, 100), (148, 150), (99, 100), (120, 120), (150, 150), (93, 100), (142, 150), (147, 150), (150, 150), (120, 120), (148, 150), (119, 120), (150, 150), (149, 150), (118, 120), (115, 120), (92, 100), (150, 150), (118, 120)]

Resultado BRKGA 2: 4890 [(120, 120), (147, 150), (150, 150), (150, 150), (120, 120), (150, 150), (117, 120), (99, 100), (120, 120), (150, 150), (99, 100), (150, 150), (150, 150), (147, 150), (100, 100), (120, 120), (99, 100), (118, 120), (119, 120), (149, 150), (119, 120), (150, 150), (150, 150), (100, 100), (120, 120), (118, 120), (149, 150), (150, 150), (150, 150), (150, 150), (146, 150), (100, 100), (149, 150), (120, 120), (150, 150), (150, 150), (120, 120)]
Resultado MS 2: 4920 [(98, 100), (150, 150), (117, 120), (147, 150), (148, 150), (147, 150), (120, 120), (98, 100), (148, 150), (120, 120), (119, 120), (149, 150), (100, 100), (97, 100), (100, 100), (117, 120), (120, 120), (119, 120), (98, 100), (149, 150), (149, 150), (118, 120), (117, 120), (120, 120), (120, 120), (118, 120), (120, 120), (149, 150), (119, 120), (119, 120), (144, 150), (150, 150), (150, 150), (149, 150), (150, 150), (148, 150), (115, 120), (149, 150)]
Resultado SA 2: 4930 [(100, 100), (120, 120), (120, 120), (100, 100), (99, 100), (150, 150), (99, 100), (120, 120), (97, 100), (150, 150), (150, 150), (99, 100), (120, 120), (147, 150), (149, 150), (150, 150), (150, 150), (100, 100), (149, 150), (149, 150), (149, 150), (116, 120), (150, 150), (146, 150), (118, 120), (120, 120), (148, 150), (100, 100), (150, 150), (148, 150), (89, 100), (99, 100), (96, 100), (100, 100), (118, 120), (117, 120), (87, 100), (147, 150), (149, 150)]

Resultado BRKGA 3: 4890 [(150, 150), (150, 150), (119, 120), (120, 120), (150, 150), (117, 120), (100, 100), (150, 150), (98, 100), (99, 100), (150, 150), (120, 120), (118, 120), (119, 120), (98, 100), (118, 120), (150, 150), (100, 100), (149, 150), (150, 150), (99, 100), (150, 150), (149, 150), (147, 150), (149, 150), (150, 150), (149, 150), (150, 150), (150, 150), (100, 100), (150, 150), (149, 150), (150, 150), (150, 150), (100, 100), (100, 100), (148, 150)]
Resultado MS 3: 4910 [(150, 150), (117, 120), (150, 150), (120, 120), (150, 150), (120, 120), (98, 100), (118, 120), (100, 100), (119, 120), (149, 150), (147, 150), (149, 150), (120, 120), (97, 100), (100, 100), (150, 150), (150, 150), (147, 150), (100, 100), (98, 100), (120, 120), (148, 150), (119, 120), (97, 100), (120, 120), (99, 100), (100, 100), (148, 150), (150, 150), (95, 100), (120, 120), (150, 150), (149, 150), (118, 120), (120, 120), (116, 120), (99, 100), (148, 150)]
Resultado SA 3: 4920 [(120, 120), (119, 120), (100, 100), (143, 150), (148, 150), (120, 120), (100, 100), (119, 120), (97, 100), (120, 120), (150, 150), (120, 120), (119, 120), (120, 120), (150, 150), (95, 100), (149, 150), (147, 150), (117, 120), (147, 150), (97, 100), (150, 150), (97, 100), (120, 120), (100, 100), (119, 120), (150, 150), (100, 100), (119, 120), (150, 150), (149, 150), (120, 120), (119, 120), (99, 100), (150, 150), (118, 120), (113, 120), (150, 150), (145, 150)]

Media dos resultados MS: 4893.333333333333

Media dos resultados MS: 4910.0

Media dos resultados SA: 4926.666666666667

Instancia: prob_100_2.txt, 2025-04-23 07:21:08

Resultado BRKGA 1: 5480 [(119, 120), (150, 150), (150, 150), (150, 150), (100, 100), (150, 150), (147, 150), (148, 150), (119, 120), (120, 120), (147, 150), (150, 150), (149, 150), (149, 150), (150, 150), (146, 150), (150, 150), (120, 120), (150, 150), (150, 150), (150, 150), (99, 100), (149, 150), (120, 120), (148, 150), (147, 150), (147, 150), (148, 150), (120, 120), (147, 150), (148, 150), (119, 120), (117, 120), (145, 150), (148, 150), (113, 120), (149, 150), (150, 150), (150, 150)]
Resultado MS 1: 5510 [(147, 150), (98, 100), (119, 120), (100, 100), (150, 150), (120, 120), (97, 100), (98, 100), (150, 150), (119, 120), (115, 120), (150, 150), (99, 100), (120, 120), (119, 120), (118, 120), (119, 120), (100, 100), (147, 150), (96, 100), (115, 120), (149, 150), (97, 100), (150, 150), (115, 120), (120, 120), (99, 100), (147, 150), (100, 100), (147, 150), (150, 150), (96, 100), (147, 150), (149, 150), (137, 150), (98, 100), (120, 120), (100, 100), (150, 150), (145, 150), (149, 150), (148, 150), (120, 120), (99, 100)]
Resultado SA 1: 5540 [(98, 100), (96, 100), (119, 120), (150, 150), (97, 100), (119, 120), (150, 150), (145, 150), (145, 150), (100, 100), (120, 120), (95, 100), (120, 120), (95, 100), (98, 100), (120, 120), (146, 150), (100, 100), (118, 120), (97, 100), (149, 150), (119, 120), (148, 150), (98, 100), (119, 120), (99, 100), (119, 120), (100, 100), (148, 150), (146, 150), (100, 100), (150, 150), (100, 100), (97, 100), (97, 100), (115, 120), (147, 150), (95, 100), (149, 150), (94, 100), (149, 150), (99, 100), (120, 120), (80, 100), (116, 120), (147, 150)]

Resultado BRKGA 2: 5480 [(95, 100), (119, 120), (100, 100), (150, 150), (150, 150), (150, 150), (120, 120), (120, 120), (120, 120), (147, 150), (145, 150), (150, 150), (150, 150), (147, 150), (149, 150), (150, 150), (150, 150), (150, 150), (119, 120), (146, 150), (119, 120), (147, 150), (117, 120), (149, 150), (150, 150), (120, 120), (149, 150), (120, 120), (150, 150), (148, 150), (146, 150), (150, 150), (148, 150), (150, 150), (148, 150), (146, 150), (150, 150), (146, 150), (148, 150)]
Resultado MS 2: 5510 [(148, 150), (100, 100), (149, 150), (119, 120), (95, 100), (97, 100), (118, 120), (120, 120), (100, 100), (115, 120), (100, 100), (150, 150), (149, 150), (100, 100), (100, 100), (150, 150), (100, 100), (150, 150), (97, 100), (120, 120), (148, 150), (149, 150), (117, 120), (147, 150), (100, 100), (117, 120), (149, 150), (149, 150), (99, 100), (119, 120), (150, 150), (97, 100), (99, 100), (119, 120), (120, 120), (117, 120), (99, 100), (149, 150), (147, 150), (99, 100), (96, 100), (141, 150), (95, 100), (114, 120), (115, 120)]
Resultado SA 2: 5540 [(150, 150), (148, 150), (145, 150), (100, 100), (116, 120), (118, 120), (100, 100), (150, 150), (118, 120), (149, 150), (150, 150), (112, 120), (97, 100), (117, 120), (150, 150), (150, 150), (99, 100), (147, 150), (145, 150), (111, 120), (120, 120), (100, 100), (116, 120), (99, 100), (146, 150), (150, 150), (150, 150), (150, 150), (146, 150), (120, 120), (150, 150), (100, 100), (116, 120), (117, 120), (148, 150), (144, 150), (147, 150), (149, 150), (140, 150), (92, 100), (138, 150), (118, 120)]

Resultado BRKGA 3: 5470 [(150, 150), (99, 100), (150, 150), (97, 100), (100, 100), (96, 100), (120, 120), (148, 150), (118, 120), (149, 150), (149, 150), (120, 120), (149, 150), (149, 150), (116, 120), (120, 120), (120, 120), (150, 150), (150, 150), (150, 150), (150, 150), (149, 150), (150, 150), (149, 150), (147, 150), (150, 150), (149, 150), (118, 120), (120, 120), (119, 120), (150, 150), (149, 150), (149, 150), (148, 150), (150, 150), (147, 150), (147, 150), (119, 120), (150, 150), (118, 120)]
Resultado MS 3: 5510 [(119, 120), (93, 100), (100, 100), (100, 100), (150, 150), (119, 120), (99, 100), (150, 150), (120, 120), (94, 100), (119, 120), (100, 100), (150, 150), (146, 150), (119, 120), (100, 100), (97, 100), (147, 150), (149, 150), (99, 100), (119, 120), (118, 120), (120, 120), (97, 100), (150, 150), (150, 150), (118, 120), (150, 150), (149, 150), (116, 120), (150, 150), (120, 120), (149, 150), (119, 120), (100, 100), (119, 120), (140, 150), (150, 150), (99, 100), (95, 100), (147, 150), (141, 150), (143, 150), (99, 100)]
