Instancia: prob_25_1.txt, 2025-04-19 12:05:29

Resultado BRKGA 1: 1350 [(150, 150), (120, 120), (120, 120), (120, 120), (118, 120), (150, 150), (120, 120), (150, 150), (150, 150), (149, 150)]
Resultado BRKGA 2: 1360 [(148, 150), (99, 100), (120, 120), (116, 120), (120, 120), (150, 150), (148, 150), (147, 150), (149, 150), (150, 150)]
Resultado BRKGA 3: 1360 [(150, 150), (120, 120), (150, 150), (120, 120), (150, 150), (120, 120), (98, 100), (100, 100), (146, 150), (95, 100), (98, 100)]
Media dos resultados BRKGA: 1356.6666666666667 - Melhor: 1350 - Gap: 0.49

Instancia: prob_25_2.txt, 2025-04-19 12:11:55

Resultado BRKGA 1: 1310 [(149, 150), (96, 100), (120, 120), (98, 100), (119, 120), (150, 150), (149, 150), (120, 120), (148, 150), (150, 150)]
Resultado BRKGA 2: 1310 [(100, 100), (150, 150), (100, 100), (120, 120), (119, 120), (150, 150), (149, 150), (147, 150), (116, 120), (148, 150)]
Resultado BRKGA 3: 1310 [(100, 100), (150, 150), (148, 150), (119, 120), (120, 120), (150, 150), (146, 150), (117, 120), (149, 150), (100, 100)]
Media dos resultados BRKGA: 1310.0 - Melhor: 1310 - Gap: 0.0

Instancia: prob_25_3.txt, 2025-04-19 12:12:04

Resultado BRKGA 1: 1140 [(150, 150), (150, 150), (150, 150), (150, 150), (149, 150), (150, 150), (117, 120), (118, 120)]
Resultado BRKGA 2: 1140 [(150, 150), (149, 150), (150, 150), (149, 150), (120, 120), (118, 120), (148, 150), (150, 150)]
Resultado BRKGA 3: 1140 [(150, 150), (150, 150), (150, 150), (118, 120), (150, 150), (150, 150), (149, 150), (117, 120)]
Media dos resultados BRKGA: 1140.0 - Melhor: 1140 - Gap: 0.0

Instancia: prob_25_4.txt, 2025-04-19 12:12:11

Resultado BRKGA 1: 1200 [(118, 120), (150, 150), (120, 120), (149, 150), (150, 150), (114, 120), (119, 120), (149, 150), (119, 120)]
Resultado BRKGA 2: 1200 [(120, 120), (150, 150), (148, 150), (147, 150), (118, 120), (120, 120), (147, 150), (120, 120), (118, 120)]
Resultado BRKGA 3: 1190 [(100, 100), (119, 120), (120, 120), (150, 150), (150, 150), (150, 150), (150, 150), (100, 100), (149, 150)]
Media dos resultados BRKGA: 1196.6666666666667 - Melhor: 1190 - Gap: 0.56

Instancia: prob_25_5.txt, 2025-04-19 12:17:29

Resultado BRKGA 1: 1090 [(150, 150), (120, 120), (100, 100), (120, 120), (144, 150), (148, 150), (149, 150), (150, 150)]
Resultado BRKGA 2: 1090 [(120, 120), (150, 150), (150, 150), (99, 100), (117, 120), (150, 150), (147, 150), (148, 150)]
Resultado BRKGA 3: 1090 [(119, 120), (118, 120), (148, 150), (99, 100), (149, 150), (149, 150), (150, 150), (149, 150)]
Media dos resultados BRKGA: 1090.0 - Melhor: 1090 - Gap: 0.0

Instancia: prob_25_6.txt, 2025-04-19 12:17:36

Resultado BRKGA 1: 1270 [(99, 100), (150, 150), (144, 150), (150, 150), (146, 150), (120, 120), (150, 150), (150, 150), (149, 150)]
Resultado BRKGA 2: 1260 [(149, 150), (120, 120), (150, 150), (120, 120), (150, 150), (150, 150), (150, 150), (120, 120), (149, 150)]
Resultado BRKGA 3: 1270 [(147, 150), (144, 150), (150, 150), (119, 120), (150, 150), (150, 150), (150, 150), (148, 150), (100, 100)]
Media dos resultados BRKGA: 1266.6666666666667 - Melhor: 1260 - Gap: 0.53

Instancia: prob_25_7.txt, 2025-04-19 12:24:24

Resultado BRKGA 1: 1260 [(147, 150), (150, 150), (150, 150), (148, 150), (120, 120), (119, 120), (149, 150), (115, 120), (150, 150)]
Resultado BRKGA 2: 1260 [(148, 150), (150, 150), (120, 120), (119, 120), (150, 150), (148, 150), (118, 120), (145, 150), (150, 150)]
Resultado BRKGA 3: 1260 [(148, 150), (120, 120), (148, 150), (150, 150), (118, 120), (150, 150), (147, 150), (118, 120), (149, 150)]
Media dos resultados BRKGA: 1260.0 - Melhor: 1250 - Gap: 0.8

Instancia: prob_25_8.txt, 2025-04-19 12:31:54

Resultado BRKGA 1: 1260 [(150, 150), (150, 150), (120, 120), (115, 120), (148, 150), (117, 120), (150, 150), (150, 150), (150, 150)]
Resultado BRKGA 2: 1260 [(120, 120), (120, 120), (148, 150), (146, 150), (148, 150), (150, 150), (119, 120), (149, 150), (150, 150)]
Resultado BRKGA 3: 1260 [(150, 150), (120, 120), (149, 150), (146, 150), (150, 150), (118, 120), (149, 150), (118, 120), (150, 150)]
Media dos resultados BRKGA: 1260.0 - Melhor: 1250 - Gap: 0.8

Instancia: prob_25_9.txt, 2025-04-19 12:39:25

Resultado BRKGA 1: 1350 [(150, 150), (148, 150), (149, 150), (149, 150), (150, 150), (149, 150), (148, 150), (147, 150), (150, 150)]
Resultado BRKGA 2: 1350 [(120, 120), (119, 120), (119, 120), (118, 120), (150, 150), (147, 150), (120, 120), (148, 150), (149, 150), (150, 150)]
Resultado BRKGA 3: 1350 [(149, 150), (120, 120), (120, 120), (150, 150), (150, 150), (116, 120), (120, 120), (117, 120), (150, 150), (148, 150)]
Media dos resultados BRKGA: 1350.0 - Melhor: 1350 - Gap: 0.0

Instancia: prob_25_10.txt, 2025-04-19 12:41:37

Resultado BRKGA 1: 1380 [(120, 120), (149, 150), (119, 120), (142, 150), (150, 150), (120, 120), (120, 120), (146, 150), (150, 150), (147, 150)]
Resultado BRKGA 2: 1370 [(100, 100), (150, 150), (150, 150), (150, 150), (120, 120), (150, 150), (146, 150), (150, 150), (147, 150), (100, 100)]
Resultado BRKGA 3: 1370 [(99, 100), (97, 100), (150, 150), (150, 150), (149, 150), (149, 150), (150, 150), (150, 150), (120, 120), (149, 150)]
Media dos resultados BRKGA: 1373.3333333333333 - Melhor: 1370 - Gap: 0.24

Instancia: prob_50_1.txt, 2025-04-19 12:45:26

Resultado BRKGA 1: 1940 [(100, 100), (120, 120), (150, 150), (120, 120), (149, 150), (148, 150), (149, 150), (148, 150), (150, 150), (100, 100), (150, 150), (150, 150), (150, 150), (150, 150)]
Resultado BRKGA 2: 1940 [(150, 150), (150, 150), (150, 150), (150, 150), (150, 150), (119, 120), (120, 120), (149, 150), (100, 100), (100, 100), (148, 150), (150, 150), (150, 150), (148, 150)]
Resultado BRKGA 3: 1940 [(119, 120), (150, 150), (150, 150), (99, 100), (120, 120), (150, 150), (119, 120), (119, 120), (120, 120), (120, 120), (150, 150), (148, 150), (150, 150), (120, 120), (100, 100)]
Media dos resultados BRKGA: 1940.0 - Melhor: 1940 - Gap: 0.0

Instancia: prob_50_2.txt, 2025-04-19 12:46:35

Resultado BRKGA 1: 2210 [(150, 150), (119, 120), (120, 120), (150, 150), (150, 150), (99, 100), (149, 150), (99, 100), (150, 150), (120, 120), (149, 150), (150, 150), (150, 150), (148, 150), (150, 150), (150, 150)]
Resultado BRKGA 2: 2220 [(120, 120), (150, 150), (150, 150), (120, 120), (120, 120), (120, 120), (150, 150), (150, 150), (148, 150), (149, 150), (149, 150), (117, 120), (148, 150), (150, 150), (120, 120), (142, 150)]
Resultado BRKGA 3: 2210 [(149, 150), (120, 120), (150, 150), (149, 150), (118, 120), (150, 150), (120, 120), (149, 150), (150, 150), (150, 150), (100, 100), (150, 150), (98, 100), (150, 150), (150, 150), (150, 150)]
Media dos resultados BRKGA: 2213.3333333333335 - Melhor: 2210 - Gap: 0.15

Instancia: prob_50_3.txt, 2025-04-19 12:51:01

Resultado BRKGA 1: 2720 [(100, 100), (150, 150), (150, 150), (120, 120), (148, 150), (150, 150), (149, 150), (150, 150), (147, 150), (150, 150), (147, 150), (98, 100), (148, 150), (147, 150), (150, 150), (149, 150), (150, 150), (149, 150), (148, 150)]
Resultado BRKGA 2: 2710 [(150, 150), (150, 150), (120, 120), (120, 120), (148, 150), (149, 150), (149, 150), (150, 150), (149, 150), (150, 150), (150, 150), (150, 150), (149, 150), (120, 120), (150, 150), (100, 100), (148, 150), (149, 150), (149, 150)]
Resultado BRKGA 3: 2720 [(120, 120), (100, 100), (150, 150), (149, 150), (149, 150), (150, 150), (150, 150), (150, 150), (150, 150), (99, 100), (149, 150), (150, 150), (147, 150), (150, 150), (146, 150), (148, 150), (144, 150), (150, 150), (149, 150)]
Media dos resultados BRKGA: 2716.6666666666665 - Melhor: 2700 - Gap: 0.62

Instancia: prob_50_4.txt, 2025-04-19 12:58:32

Resultado BRKGA 1: 2530 [(120, 120), (150, 150), (120, 120), (119, 120), (118, 120), (120, 120), (120, 120), (120, 120), (119, 120), (120, 120), (98, 100), (150, 150), (147, 150), (150, 150), (150, 150), (150, 150), (149, 150), (150, 150), (149, 150)]
Resultado BRKGA 2: 2530 [(120, 120), (150, 150), (150, 150), (150, 150), (150, 150), (118, 120), (119, 120), (118, 120), (117, 120), (120, 120), (120, 120), (119, 120), (120, 120), (149, 150), (150, 150), (100, 100), (149, 150), (150, 150), (150, 150)]
Resultado BRKGA 3: 2530 [(150, 150), (100, 100), (120, 120), (120, 120), (120, 120), (120, 120), (119, 120), (119, 120), (119, 120), (148, 150), (119, 120), (120, 120), (150, 150), (150, 150), (150, 150), (148, 150), (148, 150), (150, 150), (149, 150)]
Media dos resultados BRKGA: 2530.0 - Melhor: 2520 - Gap: 0.4

Instancia: prob_50_5.txt, 2025-04-19 13:06:02

Resultado BRKGA 1: 2600 [(150, 150), (150, 150), (149, 150), (150, 150), (119, 120), (99, 100), (150, 150), (120, 120), (100, 100), (120, 120), (119, 120), (150, 150), (120, 120), (150, 150), (149, 150), (150, 150), (148, 150), (145, 150), (150, 150)]
Resultado BRKGA 2: 2600 [(119, 120), (120, 120), (120, 120), (120, 120), (120, 120), (120, 120), (118, 120), (120, 120), (99, 100), (120, 120), (100, 100), (149, 150), (150, 150), (119, 120), (150, 150), (149, 150), (150, 150), (149, 150), (147, 150), (149, 150)]
Resultado BRKGA 3: 2600 [(150, 150), (150, 150), (150, 150), (99, 100), (150, 150), (120, 120), (119, 120), (118, 120), (119, 120), (120, 120), (119, 120), (120, 120), (120, 120), (120, 120), (120, 120), (149, 150), (149, 150), (150, 150), (149, 150), (97, 100)]
Media dos resultados BRKGA: 2600.0 - Melhor: 2590 - Gap: 0.39

Instancia: prob_50_6.txt, 2025-04-19 13:13:33

Resultado BRKGA 1: 2320 [(150, 150), (149, 150), (100, 100), (150, 150), (150, 150), (150, 150), (150, 150), (120, 120), (150, 150), (150, 150), (150, 150), (150, 150), (150, 150), (150, 150), (149, 150), (148, 150)]
Resultado BRKGA 2: 2320 [(150, 150), (120, 120), (150, 150), (100, 100), (150, 150), (150, 150), (150, 150), (149, 150), (150, 150), (148, 150), (150, 150), (150, 150), (150, 150), (150, 150), (149, 150), (150, 150)]
Resultado BRKGA 3: 2320 [(120, 120), (150, 150), (150, 150), (150, 150), (149, 150), (149, 150), (150, 150), (100, 100), (150, 150), (150, 150), (149, 150), (149, 150), (150, 150), (150, 150), (150, 150), (150, 150)]
Media dos resultados BRKGA: 2320.0 - Melhor: 2320 - Gap: 0.0

Instancia: prob_50_7.txt, 2025-04-19 13:16:12

Resultado BRKGA 1: 2500 [(119, 120), (119, 120), (150, 150), (149, 150), (100, 100), (150, 150), (150, 150), (150, 150), (120, 120), (150, 150), (118, 120), (149, 150), (150, 150), (150, 150), (148, 150), (150, 150), (119, 120), (145, 150)]
Resultado BRKGA 2: 2500 [(150, 150), (150, 150), (150, 150), (120, 120), (149, 150), (147, 150), (150, 150), (119, 120), (149, 150), (150, 150), (150, 150), (149, 150), (120, 120), (100, 100), (147, 150), (150, 150), (119, 120), (117, 120)]
Resultado BRKGA 3: 2500 [(119, 120), (120, 120), (120, 120), (120, 120), (119, 120), (150, 150), (148, 150), (150, 150), (148, 150), (149, 150), (149, 150), (149, 150), (100, 100), (150, 150), (149, 150), (150, 150), (146, 150), (150, 150)]
Media dos resultados BRKGA: 2500.0 - Melhor: 2490 - Gap: 0.4

Instancia: prob_50_8.txt, 2025-04-19 13:23:43

Resultado BRKGA 1: 2730 [(120, 120), (98, 100), (120, 120), (150, 150), (120, 120), (150, 150), (150, 150), (120, 120), (100, 100), (150, 150), (150, 150), (150, 150), (147, 150), (150, 150), (147, 150), (150, 150), (147, 150), (149, 150), (99, 100), (150, 150)]
Resultado BRKGA 2: 2730 [(120, 120), (120, 120), (117, 120), (119, 120), (149, 150), (150, 150), (150, 150), (150, 150), (150, 150), (150, 150), (150, 150), (148, 150), (150, 150), (150, 150), (148, 150), (150, 150), (148, 150), (149, 150), (149, 150)]
Resultado BRKGA 3: 2730 [(120, 120), (120, 120), (150, 150), (119, 120), (150, 150), (150, 150), (150, 150), (150, 150), (148, 150), (150, 150), (150, 150), (147, 150), (150, 150), (117, 120), (149, 150), (149, 150), (150, 150), (149, 150), (149, 150)]
Media dos resultados BRKGA: 2730.0 - Melhor: 2720 - Gap: 0.37

Instancia: prob_50_9.txt, 2025-04-19 13:31:14

Resultado BRKGA 1: 2150 [(120, 120), (149, 150), (120, 120), (120, 120), (100, 100), (150, 150), (99, 100), (150, 150), (150, 150), (149, 150), (119, 120), (148, 150), (120, 120), (147, 150), (150, 150), (149, 150)]
Resultado BRKGA 2: 2150 [(100, 100), (120, 120), (150, 150), (149, 150), (120, 120), (149, 150), (120, 120), (149, 150), (149, 150), (120, 120), (147, 150), (120, 120), (150, 150), (99, 100), (150, 150), (148, 150)]
Resultado BRKGA 3: 2150 [(150, 150), (100, 100), (150, 150), (148, 150), (150, 150), (149, 150), (149, 150), (150, 150), (150, 150), (146, 150), (100, 100), (150, 150), (150, 150), (150, 150), (148, 150)]
Media dos resultados BRKGA: 2150.0 - Melhor: 2140 - Gap: 0.47

Instancia: prob_50_10.txt, 2025-04-19 13:38:44

Resultado BRKGA 1: 2630 [(150, 150), (149, 150), (150, 150), (150, 150), (150, 150), (148, 150), (120, 120), (149, 150), (100, 100), (119, 120), (120, 120), (100, 100), (150, 150), (119, 120), (150, 150), (149, 150), (149, 150), (150, 150), (149, 150)]
Resultado BRKGA 2: 2630 [(150, 150), (150, 150), (150, 150), (149, 150), (118, 120), (120, 120), (100, 100), (150, 150), (100, 100), (150, 150), (120, 120), (119, 120), (150, 150), (150, 150), (148, 150), (149, 150), (150, 150), (150, 150), (148, 150)]
Resultado BRKGA 3: 2640 [(150, 150), (150, 150), (120, 120), (120, 120), (119, 120), (149, 150), (120, 120), (119, 120), (150, 150), (150, 150), (117, 120), (147, 150), (150, 150), (148, 150), (119, 120), (150, 150), (148, 150), (149, 150), (146, 150)]
Media dos resultados BRKGA: 2633.3333333333335 - Melhor: 2630 - Gap: 0.13

Instancia: prob_100_1.txt, 2025-04-19 13:43:21

Resultado BRKGA 1: 4900 [(150, 150), (150, 150), (150, 150), (150, 150), (150, 150), (120, 120), (148, 150), (99, 100), (120, 120), (149, 150), (150, 150), (150, 150), (118, 120), (150, 150), (148, 150), (147, 150), (150, 150), (148, 150), (150, 150), (148, 150), (149, 150), (149, 150), (149, 150), (146, 150), (120, 120), (146, 150), (150, 150), (120, 120), (150, 150), (150, 150), (146, 150), (148, 150), (149, 150), (148, 150)]
Resultado BRKGA 2: 4890 [(150, 150), (119, 120), (150, 150), (149, 150), (146, 150), (120, 120), (147, 150), (150, 150), (150, 150), (150, 150), (149, 150), (150, 150), (149, 150), (147, 150), (150, 150), (150, 150), (150, 150), (150, 150), (149, 150), (146, 150), (150, 150), (150, 150), (150, 150), (150, 150), (150, 150), (148, 150), (150, 150), (150, 150), (150, 150), (150, 150), (150, 150), (150, 150), (146, 150)]
Resultado BRKGA 3: 4890 [(150, 150), (150, 150), (120, 120), (149, 150), (149, 150), (120, 120), (150, 150), (148, 150), (150, 150), (150, 150), (149, 150), (150, 150), (150, 150), (150, 150), (149, 150), (150, 150), (146, 150), (150, 150), (149, 150), (150, 150), (150, 150), (147, 150), (147, 150), (149, 150), (148, 150), (150, 150), (150, 150), (150, 150), (149, 150), (150, 150), (149, 150), (148, 150), (149, 150)]
Media dos resultados BRKGA: 4893.333333333333 - Melhor: 4870 - Gap: 0.48

Instancia: prob_100_2.txt, 2025-04-19 13:50:53

Resultado BRKGA 1: 5470 [(100, 100), (120, 120), (150, 150), (148, 150), (149, 150), (149, 150), (145, 150), (150, 150), (150, 150), (148, 150), (150, 150), (150, 150), (149, 150), (149, 150), (150, 150), (149, 150), (146, 150), (149, 150), (150, 150), (149, 150), (150, 150), (145, 150), (150, 150), (147, 150), (150, 150), (150, 150), (150, 150), (150, 150), (150, 150), (150, 150), (149, 150), (146, 150), (150, 150), (148, 150), (150, 150), (144, 150), (149, 150)]
Resultado BRKGA 2: 5470 [(120, 120), (120, 120), (99, 100), (147, 150), (147, 150), (149, 150), (150, 150), (149, 150), (150, 150), (149, 150), (150, 150), (150, 150), (149, 150), (120, 120), (150, 150), (147, 150), (150, 150), (150, 150), (147, 150), (150, 150), (150, 150), (120, 120), (148, 150), (147, 150), (147, 150), (150, 150), (150, 150), (150, 150), (148, 150), (150, 150), (146, 150), (147, 150), (148, 150), (150, 150), (149, 150), (146, 150), (119, 120), (120, 120)]
Resultado BRKGA 3: 5480 [(120, 120), (115, 120), (147, 150), (150, 150), (149, 150), (117, 120), (145, 150), (119, 120), (148, 150), (149, 150), (150, 150), (99, 100), (149, 150), (145, 150), (149, 150), (150, 150), (150, 150), (149, 150), (150, 150), (148, 150), (150, 150), (147, 150), (149, 150), (150, 150), (150, 150), (150, 150), (149, 150), (149, 150), (150, 150), (148, 150), (147, 150), (150, 150), (150, 150), (148, 150), (146, 150), (147, 150), (100, 100), (150, 150)]
Media dos resultados BRKGA: 5473.333333333333 - Melhor: 5430 - Gap: 0.8

Instancia: prob_100_3.txt, 2025-04-19 13:58:25

Resultado BRKGA 1: 5190 [(149, 150), (150, 150), (119, 120), (150, 150), (147, 150), (119, 120), (148, 150), (149, 150), (120, 120), (119, 120), (149, 150), (119, 120), (149, 150), (147, 150), (147, 150), (150, 150), (149, 150), (150, 150), (146, 150), (147, 150), (120, 120), (150, 150), (150, 150), (150, 150), (116, 120), (148, 150), (149, 150), (150, 150), (147, 150), (150, 150), (149, 150), (145, 150), (147, 150), (150, 150), (144, 150), (150, 150)]
Resultado BRKGA 2: 5190 [(120, 120), (120, 120), (118, 120), (120, 120), (149, 150), (150, 150), (150, 150), (150, 150), (149, 150), (120, 120), (150, 150), (150, 150), (149, 150), (150, 150), (116, 120), (149, 150), (120, 120), (149, 150), (119, 120), (149, 150), (148, 150), (149, 150), (147, 150), (148, 150), (115, 120), (114, 120), (119, 120), (149, 150), (116, 120), (148, 150), (149, 150), (146, 150), (150, 150), (148, 150), (148, 150), (150, 150), (147, 150)]
Resultado BRKGA 3: 5190 [(150, 150), (119, 120), (120, 120), (150, 150), (149, 150), (149, 150), (150, 150), (147, 150), (120, 120), (148, 150), (149, 150), (118, 120), (148, 150), (150, 150), (147, 150), (150, 150), (120, 120), (150, 150), (146, 150), (119, 120), (150, 150), (145, 150), (150, 150), (147, 150), (149, 150), (149, 150), (119, 120), (150, 150), (143, 150), (148, 150), (145, 150), (148, 150), (146, 150), (150, 150), (150, 150), (150, 150)]
Media dos resultados BRKGA: 5190.0 - Melhor: 5140 - Gap: 0.97

Instancia: prob_100_4.txt, 2025-04-19 14:05:57

Resultado BRKGA 1: 5230 [(149, 150), (119, 120), (150, 150), (150, 150), (150, 150), (149, 150), (118, 120), (150, 150), (118, 120), (149, 150), (119, 120), (118, 120), (150, 150), (119, 120), (120, 120), (148, 150), (119, 120), (100, 100), (150, 150), (143, 150), (94, 100), (120, 120), (120, 120), (115, 120), (150, 150), (150, 150), (147, 150), (100, 100), (150, 150), (119, 120), (95, 100), (150, 150), (149, 150), (143, 150), (144, 150), (119, 120), (114, 120), (146, 150), (150, 150)]
Resultado BRKGA 2: 5230 [(99, 100), (98, 100), (119, 120), (119, 120), (150, 150), (119, 120), (150, 150), (98, 100), (120, 120), (117, 120), (114, 120), (149, 150), (117, 120), (149, 150), (120, 120), (118, 120), (118, 120), (116, 120), (147, 150), (148, 150), (145, 150), (120, 120), (149, 150), (149, 150), (120, 120), (113, 120), (119, 120), (148, 150), (120, 120), (150, 150), (147, 150), (119, 120), (150, 150), (150, 150), (149, 150), (115, 120), (148, 150), (150, 150), (120, 120), (97, 100)]
Resultado BRKGA 3: 5230 [(146, 150), (147, 150), (149, 150), (117, 120), (149, 150), (120, 120), (150, 150), (120, 120), (150, 150), (116, 120), (119, 120), (149, 150), (120, 120), (120, 120), (150, 150), (150, 150), (150, 150), (149, 150), (119, 120), (150, 150), (117, 120), (148, 150), (146, 150), (119, 120), (114, 120), (120, 120), (146, 150), (120, 120), (146, 150), (149, 150), (144, 150), (150, 150), (141, 150), (148, 150), (147, 150), (118, 120), (100, 100), (150, 150)]
Media dos resultados BRKGA: 5230.0 - Melhor: 5170 - Gap: 1.16

Instancia: prob_100_5.txt, 2025-04-19 14:13:27

Resultado BRKGA 1: 4990 [(150, 150), (120, 120), (149, 150), (148, 150), (148, 150), (149, 150), (150, 150), (150, 150), (150, 150), (150, 150), (149, 150), (150, 150), (150, 150), (150, 150), (148, 150), (150, 150), (149, 150), (118, 120), (148, 150), (149, 150), (149, 150), (150, 150), (148, 150), (150, 150), (150, 150), (150, 150), (149, 150), (96, 100), (149, 150), (149, 150), (146, 150), (150, 150), (149, 150), (150, 150)]
Resultado BRKGA 2: 5000 [(150, 150), (150, 150), (150, 150), (150, 150), (150, 150), (147, 150), (148, 150), (118, 120), (148, 150), (97, 100), (149, 150), (116, 120), (150, 150), (120, 120), (146, 150), (100, 100), (150, 150), (150, 150), (149, 150), (150, 150), (120, 120), (149, 150), (148, 150), (150, 150), (148, 150), (116, 120), (150, 150), (150, 150), (150, 150), (150, 150), (149, 150), (147, 150), (150, 150), (148, 150), (147, 150)]
Resultado BRKGA 3: 5000 [(100, 100), (150, 150), (119, 120), (149, 150), (150, 150), (149, 150), (148, 150), (120, 120), (150, 150), (150, 150), (120, 120), (147, 150), (149, 150), (98, 100), (150, 150), (150, 150), (150, 150), (149, 150), (148, 150), (150, 150), (149, 150), (117, 120), (120, 120), (145, 150), (148, 150), (149, 150), (147, 150), (150, 150), (149, 150), (150, 150), (150, 150), (148, 150), (147, 150), (150, 150), (145, 150)]
Media dos resultados BRKGA: 4996.666666666667 - Melhor: 4960 - Gap: 0.74

Instancia: prob_100_6.txt, 2025-04-19 14:20:59

Resultado BRKGA 1: 5180 [(100, 100), (100, 100), (150, 150), (150, 150), (150, 150), (148, 150), (149, 150), (150, 150), (150, 150), (150, 150), (150, 150), (149, 150), (150, 150), (120, 120), (149, 150), (150, 150), (150, 150), (148, 150), (120, 120), (148, 150), (150, 150), (150, 150), (150, 150), (119, 120), (146, 150), (150, 150), (150, 150), (150, 150), (150, 150), (149, 150), (149, 150), (145, 150), (149, 150), (148, 150), (120, 120), (148, 150)]
Resultado BRKGA 2: 5190 [(100, 100), (149, 150), (149, 150), (149, 150), (149, 150), (149, 150), (98, 100), (149, 150), (118, 120), (99, 100), (149, 150), (149, 150), (147, 150), (120, 120), (149, 150), (150, 150), (150, 150), (150, 150), (147, 150), (150, 150), (150, 150), (149, 150), (149, 150), (150, 150), (149, 150), (150, 150), (147, 150), (150, 150), (150, 150), (150, 150), (149, 150), (150, 150), (149, 150), (147, 150), (146, 150), (149, 150)]
Resultado BRKGA 3: 5190 [(149, 150), (150, 150), (149, 150), (148, 150), (148, 150), (150, 150), (149, 150), (150, 150), (149, 150), (149, 150), (150, 150), (148, 150), (150, 150), (148, 150), (149, 150), (149, 150), (150, 150), (149, 150), (149, 150), (150, 150), (150, 150), (150, 150), (150, 150), (150, 150), (149, 150), (150, 150), (150, 150), (149, 150), (149, 150), (147, 150), (147, 150), (148, 150), (116, 120), (120, 120), (146, 150)]
Media dos resultados BRKGA: 5186.666666666667 - Melhor: 5160 - Gap: 0.52

Instancia: prob_100_7.txt, 2025-04-19 14:28:31

Resultado BRKGA 1: 4800 [(150, 150), (99, 100), (150, 150), (150, 150), (148, 150), (150, 150), (99, 100), (150, 150), (148, 150), (100, 100), (147, 150), (118, 120), (116, 120), (148, 150), (149, 150), (120, 120), (150, 150), (117, 120), (150, 150), (150, 150), (120, 120), (149, 150), (150, 150), (150, 150), (150, 150), (147, 150), (150, 150), (148, 150), (150, 150), (148, 150), (148, 150), (150, 150), (144, 150), (150, 150)]
Resultado BRKGA 2: 4800 [(149, 150), (150, 150), (150, 150), (150, 150), (120, 120), (147, 150), (150, 150), (99, 100), (148, 150), (115, 120), (118, 120), (150, 150), (150, 150), (120, 120), (119, 120), (149, 150), (120, 120), (150, 150), (146, 150), (100, 100), (150, 150), (150, 150), (150, 150), (120, 120), (149, 150), (120, 120), (150, 150), (120, 120), (118, 120), (148, 150), (150, 150), (150, 150), (141, 150), (100, 100), (147, 150)]
Resultado BRKGA 3: 4800 [(100, 100), (150, 150), (149, 150), (150, 150), (148, 150), (118, 120), (150, 150), (149, 150), (150, 150), (120, 120), (148, 150), (150, 150), (149, 150), (120, 120), (148, 150), (100, 100), (116, 120), (145, 150), (149, 150), (150, 150), (150, 150), (150, 150), (99, 100), (147, 150), (150, 150), (150, 150), (149, 150), (148, 150), (147, 150), (149, 150), (118, 120), (150, 150), (147, 150), (150, 150)]
Media dos resultados BRKGA: 4800.0 - Melhor: 4770 - Gap: 0.63

Instancia: prob_100_8.txt, 2025-04-19 14:36:02

Resultado BRKGA 1: 4880 [(100, 100), (150, 150), (149, 150), (149, 150), (150, 150), (148, 150), (147, 150), (149, 150), (100, 100), (116, 120), (148, 150), (150, 150), (117, 120), (120, 120), (119, 120), (150, 150), (118, 120), (119, 120), (116, 120), (119, 120), (149, 150), (147, 150), (120, 120), (149, 150), (150, 150), (150, 150), (150, 150), (148, 150), (150, 150), (149, 150), (150, 150), (148, 150), (146, 150), (150, 150), (150, 150)]
Resultado BRKGA 2: 4870 [(150, 150), (99, 100), (100, 100), (150, 150), (100, 100), (149, 150), (150, 150), (150, 150), (98, 100), (150, 150), (149, 150), (150, 150), (150, 150), (120, 120), (120, 120), (147, 150), (150, 150), (120, 120), (147, 150), (119, 120), (149, 150), (150, 150), (150, 150), (120, 120), (149, 150), (150, 150), (149, 150), (120, 120), (148, 150), (147, 150), (149, 150), (149, 150), (147, 150), (149, 150), (146, 150)]
Resultado BRKGA 3: 4880 [(150, 150), (150, 150), (150, 150), (118, 120), (100, 100), (120, 120), (120, 120), (100, 100), (117, 120), (147, 150), (150, 150), (150, 150), (148, 150), (117, 120), (147, 150), (149, 150), (150, 150), (100, 100), (150, 150), (149, 150), (100, 100), (145, 150), (150, 150), (148, 150), (120, 120), (116, 120), (115, 120), (120, 120), (149, 150), (149, 150), (149, 150), (100, 100), (150, 150), (149, 150), (148, 150), (150, 150)]
Media dos resultados BRKGA: 4876.666666666667 - Melhor: 4840 - Gap: 0.76

Instancia: prob_100_9.txt, 2025-04-19 14:43:36

Resultado BRKGA 1: 5140 [(149, 150), (149, 150), (150, 150), (150, 150), (147, 150), (147, 150), (150, 150), (150, 150), (147, 150), (146, 150), (119, 120), (150, 150), (118, 120), (149, 150), (145, 150), (149, 150), (116, 120), (147, 150), (119, 120), (150, 150), (120, 120), (149, 150), (149, 150), (146, 150), (100, 100), (150, 150), (120, 120), (150, 150), (147, 150), (119, 120), (149, 150), (149, 150), (147, 150), (150, 150), (150, 150), (149, 150)]
Resultado BRKGA 2: 5140 [(100, 100), (150, 150), (150, 150), (150, 150), (148, 150), (150, 150), (119, 120), (150, 150), (150, 150), (148, 150), (148, 150), (148, 150), (117, 120), (150, 150), (148, 150), (117, 120), (117, 120), (149, 150), (150, 150), (150, 150), (116, 120), (150, 150), (150, 150), (145, 150), (147, 150), (148, 150), (117, 120), (148, 150), (150, 150), (150, 150), (120, 120), (149, 150), (148, 150), (149, 150), (145, 150), (150, 150)]
Resultado BRKGA 3: 5140 [(149, 150), (150, 150), (117, 120), (149, 150), (150, 150), (149, 150), (148, 150), (149, 150), (117, 120), (149, 150), (149, 150), (150, 150), (150, 150), (149, 150), (99, 100), (148, 150), (149, 150), (149, 150), (150, 150), (149, 150), (150, 150), (150, 150), (150, 150), (147, 150), (148, 150), (147, 150), (150, 150), (146, 150), (150, 150), (150, 150), (149, 150), (148, 150), (142, 150), (145, 150), (150, 150)]
Media dos resultados BRKGA: 5140.0 - Melhor: 5100 - Gap: 0.78

Instancia: prob_100_10.txt, 2025-04-19 14:51:07

Resultado BRKGA 1: 4670 [(149, 150), (150, 150), (119, 120), (99, 100), (148, 150), (120, 120), (150, 150), (120, 120), (149, 150), (147, 150), (149, 150), (150, 150), (150, 150), (150, 150), (100, 100), (149, 150), (117, 120), (99, 100), (146, 150), (150, 150), (97, 100), (148, 150), (150, 150), (149, 150), (120, 120), (150, 150), (146, 150), (150, 150), (147, 150), (100, 100), (150, 150), (150, 150), (149, 150), (118, 120)]
Resultado BRKGA 2: 4660 [(120, 120), (150, 150), (120, 120), (149, 150), (150, 150), (149, 150), (150, 150), (149, 150), (149, 150), (150, 150), (149, 150), (148, 150), (150, 150), (119, 120), (119, 120), (150, 150), (118, 120), (150, 150), (119, 120), (119, 120), (150, 150), (150, 150), (146, 150), (150, 150), (150, 150), (150, 150), (149, 150), (147, 150), (150, 150), (100, 100), (120, 120), (146, 150), (150, 150)]
Resultado BRKGA 3: 4670 [(150, 150), (120, 120), (149, 150), (120, 120), (120, 120), (150, 150), (150, 150), (150, 150), (150, 150), (150, 150), (148, 150), (149, 150), (119, 120), (117, 120), (147, 150), (150, 150), (149, 150), (116, 120), (149, 150), (120, 120), (120, 120), (99, 100), (150, 150), (100, 100), (117, 120), (146, 150), (149, 150), (149, 150), (149, 150), (150, 150), (118, 120), (148, 150), (147, 150), (120, 120)]
Media dos resultados BRKGA: 4666.666666666667 - Melhor: 4640 - Gap: 0.57

Instancia: prob_200_1.txt, 2025-04-19 14:58:39

Resultado BRKGA 1: 11120 [(150, 150), (150, 150), (150, 150), (150, 150), (149, 150), (150, 150), (149, 150), (119, 120), (148, 150), (149, 150), (117, 120), (119, 120), (150, 150), (148, 150), (97, 100), (150, 150), (148, 150), (119, 120), (149, 150), (146, 150), (148, 150), (119, 120), (150, 150), (150, 150), (147, 150), (119, 120), (120, 120), (149, 150), (149, 150), (148, 150), (119, 120), (99, 100), (148, 150), (118, 120), (119, 120), (149, 150), (119, 120), (148, 150), (145, 150), (115, 120), (118, 120), (99, 100), (148, 150), (117, 120), (114, 120), (147, 150), (98, 100), (99, 100), (147, 150), (97, 100), (146, 150), (150, 150), (145, 150), (146, 150), (116, 120), (139, 150), (120, 120), (114, 120), (89, 100), (114, 120), (149, 150), (119, 120), (146, 150), (148, 150), (150, 150), (144, 150), (149, 150), (116, 120), (149, 150), (143, 150), (149, 150), (143, 150), (148, 150), (118, 120), (116, 120), (150, 150), (109, 120), (146, 150), (100, 100), (119, 120), (143, 150), (105, 120)]
Resultado BRKGA 2: 11110 [(150, 150), (150, 150), (120, 120), (100, 100), (119, 120), (148, 150), (148, 150), (150, 150), (118, 120), (98, 100), (117, 120), (100, 100), (150, 150), (120, 120), (147, 150), (148, 150), (150, 150), (147, 150), (148, 150), (97, 100), (100, 100), (146, 150), (144, 150), (118, 120), (146, 150), (118, 120), (115, 120), (148, 150), (120, 120), (119, 120), (99, 100), (149, 150), (116, 120), (119, 120), (99, 100), (143, 150), (95, 100), (119, 120), (144, 150), (150, 150), (120, 120), (149, 150), (144, 150), (148, 150), (119, 120), (120, 120), (117, 120), (148, 150), (147, 150), (144, 150), (150, 150), (100, 100), (150, 150), (149, 150), (149, 150), (99, 100), (95, 100), (150, 150), (144, 150), (147, 150), (147, 150), (144, 150), (149, 150), (120, 120), (144, 150), (150, 150), (119, 120), (149, 150), (150, 150), (146, 150), (148, 150), (114, 120), (140, 150), (116, 120), (150, 150), (95, 100), (146, 150), (109, 120), (98, 100), (150, 150), (148, 150), (150, 150), (104, 120)]
Resultado BRKGA 3: 11100 [(150, 150), (120, 120), (150, 150), (149, 150), (100, 100), (149, 150), (115, 120), (150, 150), (117, 120), (117, 120), (150, 150), (150, 150), (144, 150), (118, 120), (150, 150), (118, 120), (120, 120), (118, 120), (150, 150), (145, 150), (145, 150), (99, 100), (119, 120), (119, 120), (100, 100), (119, 120), (146, 150), (143, 150), (147, 150), (146, 150), (143, 150), (146, 150), (148, 150), (100, 100), (148, 150), (147, 150), (149, 150), (100, 100), (118, 120), (149, 150), (145, 150), (120, 120), (147, 150), (146, 150), (147, 150), (150, 150), (145, 150), (143, 150), (150, 150), (119, 120), (149, 150), (149, 150), (119, 120), (145, 150), (150, 150), (150, 150), (120, 120), (114, 120), (143, 150), (147, 150), (150, 150), (146, 150), (146, 150), (120, 120), (147, 150), (137, 150), (120, 120), (120, 120), (150, 150), (116, 120), (146, 150), (114, 120), (149, 150), (120, 120), (98, 100), (149, 150), (149, 150), (119, 120), (140, 150), (146, 150), (116, 120)]
Media dos resultados BRKGA: 11110.0 - Melhor: 10910 - Gap: 1.83

Instancia: prob_200_2.txt, 2025-04-19 15:06:14

Resultado BRKGA 1: 10460 [(100, 100), (150, 150), (150, 150), (149, 150), (118, 120), (150, 150), (118, 120), (120, 120), (150, 150), (148, 150), (150, 150), (150, 150), (147, 150), (146, 150), (150, 150), (146, 150), (150, 150), (144, 150), (120, 120), (149, 150), (149, 150), (117, 120), (120, 120), (119, 120), (150, 150), (147, 150), (147, 150), (118, 120), (143, 150), (150, 150), (118, 120), (112, 120), (150, 150), (142, 150), (100, 100), (150, 150), (115, 120), (98, 100), (117, 120), (119, 120), (99, 100), (111, 120), (150, 150), (119, 120), (113, 120), (119, 120), (150, 150), (117, 120), (99, 100), (147, 150), (147, 150), (118, 120), (149, 150), (149, 150), (99, 100), (145, 150), (119, 120), (144, 150), (143, 150), (120, 120), (146, 150), (148, 150), (146, 150), (95, 100), (143, 150), (142, 150), (143, 150), (150, 150), (147, 150), (150, 150), (144, 150), (119, 120), (150, 150), (119, 120), (99, 100), (150, 150), (150, 150)]
Resultado BRKGA 2: 10470 [(100, 100), (120, 120), (150, 150), (120, 120), (120, 120), (149, 150), (120, 120), (120, 120), (118, 120), (119, 120), (98, 100), (150, 150), (117, 120), (116, 120), (149, 150), (120, 120), (148, 150), (100, 100), (95, 100), (149, 150), (149, 150), (120, 120), (119, 120), (100, 100), (149, 150), (119, 120), (119, 120), (99, 100), (150, 150), (98, 100), (116, 120), (116, 120), (148, 150), (148, 150), (120, 120), (148, 150), (150, 150), (116, 120), (148, 150), (100, 100), (150, 150), (114, 120), (150, 150), (145, 150), (143, 150), (99, 100), (150, 150), (150, 150), (118, 120), (98, 100), (95, 100), (143, 150), (116, 120), (110, 120), (150, 150), (150, 150), (114, 120), (150, 150), (143, 150), (119, 120), (120, 120), (119, 120), (150, 150), (150, 150), (149, 150), (98, 100), (117, 120), (117, 120), (138, 150), (148, 150), (118, 120), (95, 100), (88, 100), (150, 150), (95, 100), (147, 150), (145, 150), (144, 150), (149, 150), (115, 120), (115, 120)]
Resultado BRKGA 3: 10470 [(150, 150), (150, 150), (149, 150), (120, 120), (150, 150), (100, 100), (100, 100), (120, 120), (149, 150), (99, 100), (146, 150), (118, 120), (150, 150), (117, 120), (120, 120), (149, 150), (120, 120), (146, 150), (150, 150), (100, 100), (150, 150), (99, 100), (120, 120), (149, 150), (118, 120), (93, 100), (150, 150), (98, 100), (118, 120), (99, 100), (116, 120), (117, 120), (100, 100), (117, 120), (100, 100), (119, 120), (149, 150), (99, 100), (149, 150), (99, 100), (117, 120), (116, 120), (119, 120), (98, 100), (119, 120), (118, 120), (98, 100), (150, 150), (116, 120), (148, 150), (100, 100), (149, 150), (100, 100), (144, 150), (120, 120), (114, 120), (148, 150), (113, 120), (114, 120), (145, 150), (100, 100), (145, 150), (100, 100), (141, 150), (146, 150), (119, 120), (98, 100), (112, 120), (149, 150), (144, 150), (150, 150), (99, 100), (142, 150), (149, 150), (146, 150), (149, 150), (111, 120), (148, 150), (142, 150), (98, 100), (139, 150), (149, 150)]
Media dos resultados BRKGA: 10466.666666666666 - Melhor: 10290 - Gap: 1.72

Instancia: prob_200_3.txt, 2025-04-19 15:13:45

Resultado BRKGA 1: 10310 [(120, 120), (97, 100), (120, 120), (150, 150), (99, 100), (118, 120), (97, 100), (146, 150), (149, 150), (120, 120), (120, 120), (120, 120), (148, 150), (147, 150), (149, 150), (150, 150), (149, 150), (148, 150), (149, 150), (147, 150), (149, 150), (120, 120), (98, 100), (120, 120), (96, 100), (149, 150), (96, 100), (149, 150), (95, 100), (149, 150), (100, 100), (116, 120), (95, 100), (120, 120), (120, 120), (116, 120), (119, 120), (148, 150), (149, 150), (147, 150), (150, 150), (149, 150), (150, 150), (119, 120), (120, 120), (98, 100), (150, 150), (149, 150), (116, 120), (100, 100), (149, 150), (149, 150), (95, 100), (120, 120), (97, 100), (145, 150), (119, 120), (146, 150), (92, 100), (148, 150), (146, 150), (147, 150), (120, 120), (114, 120), (99, 100), (150, 150), (150, 150), (118, 120), (147, 150), (142, 150), (150, 150), (140, 150), (147, 150), (117, 120), (92, 100), (115, 120), (145, 150), (99, 100), (150, 150)]
Resultado BRKGA 2: 10290 [(100, 100), (150, 150), (150, 150), (149, 150), (150, 150), (149, 150), (99, 100), (148, 150), (147, 150), (120, 120), (119, 120), (146, 150), (118, 120), (150, 150), (120, 120), (119, 120), (100, 100), (100, 100), (148, 150), (145, 150), (119, 120), (119, 120), (149, 150), (100, 100), (149, 150), (120, 120), (150, 150), (148, 150), (98, 100), (119, 120), (150, 150), (150, 150), (95, 100), (97, 100), (120, 120), (150, 150), (99, 100), (119, 120), (150, 150), (120, 120), (146, 150), (100, 100), (118, 120), (149, 150), (148, 150), (119, 120), (148, 150), (146, 150), (149, 150), (148, 150), (95, 100), (97, 100), (148, 150), (147, 150), (145, 150), (150, 150), (149, 150), (120, 120), (97, 100), (146, 150), (147, 150), (118, 120), (149, 150), (99, 100), (147, 150), (149, 150), (114, 120), (143, 150), (108, 120), (113, 120), (92, 100), (119, 120), (149, 150), (149, 150), (117, 120), (148, 150), (150, 150), (119, 120)]
Resultado BRKGA 3: 10320 [(150, 150), (100, 100), (150, 150), (100, 100), (120, 120), (117, 120), (97, 100), (98, 100), (149, 150), (150, 150), (96, 100), (115, 120), (150, 150), (150, 150), (120, 120), (99, 100), (150, 150), (149, 150), (96, 100), (118, 120), (145, 150), (117, 120), (119, 120), (97, 100), (116, 120), (149, 150), (149, 150), (150, 150), (146, 150), (150, 150), (150, 150), (148, 150), (99, 100), (150, 150), (147, 150), (149, 150), (150, 150), (100, 100), (119, 120), (120, 120), (145, 150), (92, 100), (143, 150), (112, 120), (112, 120), (117, 120), (150, 150), (117, 120), (142, 150), (149, 150), (118, 120), (147, 150), (114, 120), (150, 150), (145, 150), (150, 150), (149, 150), (149, 150), (117, 120), (149, 150), (149, 150), (95, 100), (143, 150), (116, 120), (150, 150), (150, 150), (147, 150), (148, 150), (149, 150), (119, 120), (150, 150), (147, 150), (113, 120), (149, 150), (111, 120), (148, 150), (148, 150)]
Media dos resultados BRKGA: 10306.666666666666 - Melhor: 10150 - Gap: 1.54

Instancia: prob_200_4.txt, 2025-04-19 15:21:25

Resultado BRKGA 1: 10230 [(150, 150), (150, 150), (147, 150), (150, 150), (150, 150), (150, 150), (150, 150), (149, 150), (148, 150), (97, 100), (120, 120), (116, 120), (148, 150), (149, 150), (147, 150), (147, 150), (150, 150), (119, 120), (118, 120), (100, 100), (119, 120), (120, 120), (147, 150), (120, 120), (149, 150), (100, 100), (149, 150), (144, 150), (96, 100), (119, 120), (150, 150), (119, 120), (148, 150), (150, 150), (96, 100), (149, 150), (145, 150), (149, 150), (150, 150), (93, 100), (120, 120), (113, 120), (120, 120), (117, 120), (117, 120), (145, 150), (150, 150), (119, 120), (98, 100), (150, 150), (147, 150), (100, 100), (149, 150), (148, 150), (139, 150), (99, 100), (149, 150), (100, 100), (146, 150), (118, 120), (100, 100), (150, 150), (150, 150), (118, 120), (96, 100), (149, 150), (150, 150), (150, 150), (120, 120), (150, 150), (149, 150), (149, 150), (144, 150), (114, 120), (150, 150), (142, 150)]
Resultado BRKGA 2: 10240 [(150, 150), (120, 120), (100, 100), (100, 100), (119, 120), (149, 150), (148, 150), (100, 100), (150, 150), (149, 150), (148, 150), (120, 120), (150, 150), (97, 100), (99, 100), (119, 120), (150, 150), (120, 120), (148, 150), (98, 100), (97, 100), (150, 150), (148, 150), (150, 150), (118, 120), (149, 150), (149, 150), (147, 150), (100, 100), (150, 150), (119, 120), (100, 100), (150, 150), (97, 100), (145, 150), (150, 150), (150, 150), (150, 150), (145, 150), (144, 150), (150, 150), (96, 100), (150, 150), (115, 120), (150, 150), (117, 120), (150, 150), (97, 100), (150, 150), (120, 120), (115, 120), (144, 150), (117, 120), (148, 150), (149, 150), (150, 150), (143, 150), (149, 150), (146, 150), (113, 120), (149, 150), (147, 150), (149, 150), (147, 150), (147, 150), (150, 150), (120, 120), (119, 120), (146, 150), (118, 120), (148, 150), (148, 150), (118, 120), (99, 100), (146, 150), (130, 150)]
Resultado BRKGA 3: 10220 [(100, 100), (95, 100), (118, 120), (120, 120), (148, 150), (97, 100), (148, 150), (145, 150), (149, 150), (99, 100), (120, 120), (147, 150), (148, 150), (146, 150), (100, 100), (150, 150), (118, 120), (145, 150), (120, 120), (150, 150), (150, 150), (97, 100), (120, 120), (150, 150), (98, 100), (120, 120), (150, 150), (149, 150), (100, 100), (145, 150), (117, 120), (150, 150), (100, 100), (150, 150), (97, 100), (98, 100), (150, 150), (149, 150), (150, 150), (150, 150), (115, 120), (146, 150), (146, 150), (119, 120), (117, 120), (119, 120), (146, 150), (96, 100), (148, 150), (120, 120), (116, 120), (149, 150), (150, 150), (100, 100), (149, 150), (150, 150), (119, 120), (149, 150), (149, 150), (119, 120), (150, 150), (100, 100), (120, 120), (150, 150), (115, 120), (148, 150), (120, 120), (120, 120), (120, 120), (150, 150), (149, 150), (141, 150), (145, 150), (146, 150), (146, 150), (147, 150), (150, 150)]
Media dos resultados BRKGA: 10230.0 - Melhor: 10100 - Gap: 1.29

Instancia: prob_200_5.txt, 2025-04-19 15:29:05

Resultado BRKGA 1: 10050 [(119, 120), (100, 100), (99, 100), (99, 100), (100, 100), (119, 120), (100, 100), (117, 120), (100, 100), (120, 120), (120, 120), (120, 120), (148, 150), (116, 120), (146, 150), (150, 150), (147, 150), (120, 120), (120, 120), (150, 150), (120, 120), (120, 120), (146, 150), (119, 120), (119, 120), (118, 120), (119, 120), (148, 150), (148, 150), (149, 150), (148, 150), (148, 150), (120, 120), (100, 100), (149, 150), (119, 120), (99, 100), (148, 150), (120, 120), (116, 120), (100, 100), (147, 150), (116, 120), (98, 100), (147, 150), (146, 150), (147, 150), (99, 100), (115, 120), (119, 120), (120, 120), (120, 120), (149, 150), (146, 150), (115, 120), (149, 150), (120, 120), (118, 120), (117, 120), (120, 120), (117, 120), (143, 150), (145, 150), (113, 120), (143, 150), (117, 120), (150, 150), (149, 150), (148, 150), (98, 100), (115, 120), (150, 150), (150, 150), (110, 120), (149, 150), (118, 120), (99, 100), (100, 100), (96, 100)]
Resultado BRKGA 2: 10040 [(149, 150), (119, 120), (150, 150), (149, 150), (150, 150), (98, 100), (148, 150), (100, 100), (98, 100), (120, 120), (149, 150), (119, 120), (120, 120), (150, 150), (118, 120), (117, 120), (100, 100), (148, 150), (118, 120), (117, 120), (149, 150), (118, 120), (150, 150), (150, 150), (146, 150), (147, 150), (150, 150), (150, 150), (149, 150), (116, 120), (150, 150), (120, 120), (150, 150), (114, 120), (147, 150), (147, 150), (120, 120), (99, 100), (150, 150), (117, 120), (149, 150), (96, 100), (117, 120), (120, 120), (119, 120), (100, 100), (144, 150), (148, 150), (146, 150), (150, 150), (120, 120), (149, 150), (146, 150), (100, 100), (99, 100), (119, 120), (100, 100), (145, 150), (117, 120), (144, 150), (120, 120), (150, 150), (117, 120), (116, 120), (150, 150), (118, 120), (118, 120), (150, 150), (96, 100), (146, 150), (119, 120), (112, 120), (97, 100), (99, 100), (148, 150), (146, 150), (95, 100)]
Resultado BRKGA 3: 10040 [(149, 150), (150, 150), (119, 120), (150, 150), (150, 150), (150, 150), (120, 120), (99, 100), (150, 150), (99, 100), (148, 150), (118, 120), (150, 150), (147, 150), (145, 150), (146, 150), (100, 100), (119, 120), (148, 150), (118, 120), (94, 100), (149, 150), (100, 100), (120, 120), (119, 120), (149, 150), (100, 100), (119, 120), (150, 150), (150, 150), (146, 150), (119, 120), (148, 150), (145, 150), (150, 150), (146, 150), (150, 150), (148, 150), (100, 100), (150, 150), (150, 150), (117, 120), (149, 150), (120, 120), (117, 120), (118, 120), (149, 150), (119, 120), (150, 150), (119, 120), (145, 150), (150, 150), (120, 120), (117, 120), (119, 120), (115, 120), (144, 150), (150, 150), (144, 150), (99, 100), (149, 150), (149, 150), (149, 150), (148, 150), (99, 100), (100, 100), (118, 120), (111, 120), (114, 120), (144, 150), (144, 150), (96, 100), (149, 150), (146, 150), (147, 150)]
Media dos resultados BRKGA: 10043.333333333334 - Melhor: 9910 - Gap: 1.35

Instancia: prob_200_6.txt, 2025-04-19 15:36:42

Resultado BRKGA 1: 10780 [(149, 150), (120, 120), (100, 100), (118, 120), (150, 150), (150, 150), (150, 150), (116, 120), (150, 150), (149, 150), (120, 120), (118, 120), (119, 120), (149, 150), (148, 150), (150, 150), (147, 150), (148, 150), (147, 150), (150, 150), (148, 150), (149, 150), (150, 150), (149, 150), (146, 150), (99, 100), (146, 150), (148, 150), (118, 120), (116, 120), (147, 150), (149, 150), (150, 150), (119, 120), (150, 150), (149, 150), (150, 150), (99, 100), (119, 120), (119, 120), (97, 100), (120, 120), (114, 120), (119, 120), (95, 100), (147, 150), (117, 120), (148, 150), (149, 150), (148, 150), (149, 150), (150, 150), (115, 120), (150, 150), (97, 100), (116, 120), (147, 150), (144, 150), (100, 100), (143, 150), (149, 150), (146, 150), (149, 150), (147, 150), (148, 150), (144, 150), (119, 120), (150, 150), (143, 150), (148, 150), (146, 150), (147, 150), (143, 150), (149, 150), (150, 150), (116, 120), (146, 150), (139, 150)]
Resultado BRKGA 2: 10790 [(119, 120), (150, 150), (120, 120), (120, 120), (119, 120), (118, 120), (97, 100), (148, 150), (118, 120), (150, 150), (120, 120), (120, 120), (118, 120), (98, 100), (148, 150), (99, 100), (119, 120), (146, 150), (147, 150), (146, 150), (150, 150), (149, 150), (119, 120), (117, 120), (149, 150), (150, 150), (120, 120), (116, 120), (120, 120), (117, 120), (145, 150), (147, 150), (150, 150), (148, 150), (148, 150), (149, 150), (115, 120), (149, 150), (115, 120), (149, 150), (146, 150), (119, 120), (149, 150), (117, 120), (148, 150), (99, 100), (147, 150), (150, 150), (150, 150), (148, 150), (95, 100), (120, 120), (120, 120), (149, 150), (150, 150), (120, 120), (120, 120), (99, 100), (95, 100), (118, 120), (114, 120), (150, 150), (115, 120), (117, 120), (145, 150), (142, 150), (148, 150), (150, 150), (150, 150), (114, 120), (150, 150), (144, 150), (142, 150), (118, 120), (150, 150), (147, 150), (87, 100), (146, 150), (120, 120), (144, 150), (118, 120)]
Resultado BRKGA 3: 10790 [(150, 150), (150, 150), (148, 150), (150, 150), (148, 150), (149, 150), (100, 100), (97, 100), (117, 120), (100, 100), (116, 120), (147, 150), (150, 150), (148, 150), (146, 150), (150, 150), (149, 150), (150, 150), (147, 150), (146, 150), (120, 120), (146, 150), (98, 100), (120, 120), (148, 150), (115, 120), (118, 120), (119, 120), (118, 120), (120, 120), (149, 150), (120, 120), (119, 120), (120, 120), (149, 150), (99, 100), (100, 100), (148, 150), (147, 150), (149, 150), (120, 120), (119, 120), (114, 120), (150, 150), (97, 100), (146, 150), (146, 150), (119, 120), (99, 100), (146, 150), (149, 150), (117, 120), (149, 150), (112, 120), (119, 120), (115, 120), (143, 150), (150, 150), (119, 120), (147, 150), (150, 150), (119, 120), (114, 120), (144, 150), (99, 100), (150, 150), (116, 120), (143, 150), (149, 150), (116, 120), (147, 150), (117, 120), (145, 150), (142, 150), (148, 150), (98, 100), (146, 150), (99, 100), (119, 120), (145, 150), (150, 150)]
Media dos resultados BRKGA: 10786.666666666666 - Melhor: 10620 - Gap: 1.57

Instancia: prob_200_7.txt, 2025-04-19 15:44:19

Resultado BRKGA 1: 10060 [(150, 150), (120, 120), (99, 100), (118, 120), (117, 120), (120, 120), (150, 150), (117, 120), (99, 100), (99, 100), (147, 150), (120, 120), (120, 120), (149, 150), (118, 120), (119, 120), (150, 150), (118, 120), (148, 150), (150, 150), (98, 100), (146, 150), (97, 100), (117, 120), (99, 100), (150, 150), (149, 150), (96, 100), (148, 150), (150, 150), (120, 120), (150, 150), (99, 100), (120, 120), (98, 100), (96, 100), (100, 100), (150, 150), (119, 120), (98, 100), (119, 120), (147, 150), (149, 150), (147, 150), (150, 150), (119, 120), (100, 100), (149, 150), (119, 120), (148, 150), (149, 150), (94, 100), (150, 150), (144, 150), (147, 150), (120, 120), (150, 150), (116, 120), (150, 150), (99, 100), (97, 100), (149, 150), (150, 150), (120, 120), (147, 150), (115, 120), (115, 120), (150, 150), (148, 150), (111, 120), (148, 150), (150, 150), (150, 150), (142, 150), (139, 150), (149, 150), (145, 150)]
Resultado BRKGA 2: 10080 [(120, 120), (150, 150), (150, 150), (99, 100), (150, 150), (97, 100), (98, 100), (149, 150), (120, 120), (118, 120), (148, 150), (100, 100), (98, 100), (98, 100), (119, 120), (117, 120), (148, 150), (148, 150), (100, 100), (119, 120), (119, 120), (98, 100), (150, 150), (146, 150), (119, 120), (150, 150), (150, 150), (116, 120), (100, 100), (149, 150), (150, 150), (150, 150), (100, 100), (147, 150), (150, 150), (100, 100), (120, 120), (149, 150), (150, 150), (95, 100), (148, 150), (116, 120), (119, 120), (146, 150), (96, 100), (149, 150), (118, 120), (120, 120), (144, 150), (146, 150), (119, 120), (150, 150), (149, 150), (119, 120), (114, 120), (150, 150), (120, 120), (97, 100), (150, 150), (142, 150), (111, 120), (114, 120), (119, 120), (143, 150), (150, 150), (98, 100), (143, 150), (116, 120), (150, 150), (143, 150), (120, 120), (117, 120), (135, 150), (149, 150), (147, 150), (149, 150), (149, 150)]
Resultado BRKGA 3: 10040 [(150, 150), (150, 150), (150, 150), (149, 150), (120, 120), (120, 120), (150, 150), (120, 120), (148, 150), (148, 150), (118, 120), (120, 120), (119, 120), (119, 120), (150, 150), (148, 150), (120, 120), (150, 150), (119, 120), (120, 120), (99, 100), (120, 120), (150, 150), (148, 150), (98, 100), (149, 150), (100, 100), (120, 120), (120, 120), (149, 150), (100, 100), (148, 150), (149, 150), (119, 120), (120, 120), (150, 150), (117, 120), (145, 150), (145, 150), (100, 100), (119, 120), (115, 120), (114, 120), (99, 100), (148, 150), (145, 150), (117, 120), (117, 120), (99, 100), (100, 100), (100, 100), (119, 120), (150, 150), (150, 150), (115, 120), (119, 120), (147, 150), (99, 100), (150, 150), (145, 150), (149, 150), (97, 100), (150, 150), (100, 100), (150, 150), (114, 120), (146, 150), (148, 150), (143, 150), (120, 120), (143, 150), (150, 150), (116, 120), (98, 100), (150, 150), (100, 100), (144, 150)]
Media dos resultados BRKGA: 10060.0 - Melhor: 9920 - Gap: 1.41

Instancia: prob_200_8.txt, 2025-04-19 15:51:53

Resultado BRKGA 1: 10040 [(120, 120), (150, 150), (120, 120), (120, 120), (150, 150), (99, 100), (149, 150), (100, 100), (99, 100), (149, 150), (100, 100), (150, 150), (150, 150), (150, 150), (100, 100), (150, 150), (119, 120), (150, 150), (118, 120), (150, 150), (115, 120), (116, 120), (150, 150), (150, 150), (149, 150), (116, 120), (118, 120), (150, 150), (118, 120), (116, 120), (149, 150), (120, 120), (118, 120), (120, 120), (150, 150), (150, 150), (148, 150), (149, 150), (119, 120), (148, 150), (149, 150), (149, 150), (149, 150), (148, 150), (145, 150), (147, 150), (100, 100), (147, 150), (149, 150), (118, 120), (146, 150), (149, 150), (147, 150), (120, 120), (118, 120), (115, 120), (120, 120), (150, 150), (149, 150), (115, 120), (112, 120), (117, 120), (147, 150), (149, 150), (112, 120), (148, 150), (150, 150), (119, 120), (96, 100), (99, 100), (144, 150), (109, 120), (142, 150), (140, 150), (115, 120)]
Resultado BRKGA 2: 10020 [(120, 120), (150, 150), (120, 120), (150, 150), (150, 150), (149, 150), (118, 120), (98, 100), (148, 150), (150, 150), (120, 120), (150, 150), (148, 150), (150, 150), (98, 100), (98, 100), (150, 150), (150, 150), (98, 100), (99, 100), (100, 100), (150, 150), (118, 120), (150, 150), (96, 100), (118, 120), (119, 120), (149, 150), (99, 100), (149, 150), (118, 120), (150, 150), (150, 150), (147, 150), (120, 120), (99, 100), (120, 120), (114, 120), (150, 150), (149, 150), (100, 100), (148, 150), (97, 100), (144, 150), (148, 150), (119, 120), (146, 150), (148, 150), (149, 150), (150, 150), (150, 150), (113, 120), (146, 150), (99, 100), (148, 150), (114, 120), (149, 150), (117, 120), (146, 150), (117, 120), (141, 150), (146, 150), (149, 150), (119, 120), (150, 150), (145, 150), (116, 120), (150, 150), (145, 150), (120, 120), (148, 150), (150, 150), (118, 120), (148, 150), (119, 120)]
Resultado BRKGA 3: 10040 [(150, 150), (149, 150), (150, 150), (149, 150), (120, 120), (150, 150), (99, 100), (120, 120), (150, 150), (120, 120), (119, 120), (119, 120), (150, 150), (149, 150), (150, 150), (119, 120), (148, 150), (145, 150), (117, 120), (118, 120), (94, 100), (150, 150), (144, 150), (115, 120), (150, 150), (115, 120), (115, 120), (119, 120), (119, 120), (99, 100), (149, 150), (119, 120), (115, 120), (143, 150), (146, 150), (119, 120), (147, 150), (116, 120), (150, 150), (148, 150), (150, 150), (98, 100), (145, 150), (149, 150), (99, 100), (145, 150), (119, 120), (119, 120), (147, 150), (120, 120), (99, 100), (148, 150), (150, 150), (120, 120), (114, 120), (120, 120), (100, 100), (150, 150), (148, 150), (144, 150), (148, 150), (146, 150), (116, 120), (120, 120), (150, 150), (149, 150), (147, 150), (145, 150), (147, 150), (120, 120), (118, 120), (148, 150), (149, 150), (94, 100), (147, 150)]
Media dos resultados BRKGA: 10033.333333333334 - Melhor: 9900 - Gap: 1.35

Instancia: prob_200_9.txt, 2025-04-19 15:59:27

Resultado BRKGA 1: 10020 [(120, 120), (120, 120), (120, 120), (119, 120), (100, 100), (150, 150), (149, 150), (120, 120), (150, 150), (149, 150), (150, 150), (119, 120), (120, 120), (100, 100), (98, 100), (150, 150), (150, 150), (99, 100), (116, 120), (100, 100), (120, 120), (146, 150), (150, 150), (146, 150), (149, 150), (120, 120), (150, 150), (150, 150), (119, 120), (100, 100), (146, 150), (118, 120), (147, 150), (145, 150), (149, 150), (148, 150), (119, 120), (150, 150), (148, 150), (96, 100), (150, 150), (98, 100), (148, 150), (150, 150), (120, 120), (119, 120), (96, 100), (149, 150), (118, 120), (119, 120), (95, 100), (120, 120), (118, 120), (146, 150), (96, 100), (100, 100), (145, 150), (117, 120), (113, 120), (147, 150), (119, 120), (147, 150), (150, 150), (149, 150), (116, 120), (150, 150), (147, 150), (150, 150), (120, 120), (150, 150), (113, 120), (146, 150), (142, 150), (146, 150), (144, 150), (119, 120)]
Resultado BRKGA 2: 10010 [(100, 100), (120, 120), (150, 150), (149, 150), (150, 150), (149, 150), (120, 120), (150, 150), (120, 120), (120, 120), (150, 150), (100, 100), (120, 120), (117, 120), (99, 100), (149, 150), (149, 150), (149, 150), (148, 150), (100, 100), (150, 150), (117, 120), (147, 150), (118, 120), (147, 150), (150, 150), (150, 150), (148, 150), (149, 150), (100, 100), (150, 150), (100, 100), (99, 100), (150, 150), (149, 150), (149, 150), (116, 120), (145, 150), (150, 150), (148, 150), (97, 100), (118, 120), (120, 120), (150, 150), (150, 150), (118, 120), (147, 150), (100, 100), (150, 150), (117, 120), (150, 150), (119, 120), (117, 120), (150, 150), (145, 150), (147, 150), (149, 150), (149, 150), (97, 100), (111, 120), (148, 150), (100, 100), (149, 150), (100, 100), (143, 150), (120, 120), (150, 150), (148, 150), (140, 150), (92, 100), (119, 120), (148, 150), (148, 150), (98, 100), (142, 150)]
Resultado BRKGA 3: 10020 [(120, 120), (120, 120), (99, 100), (149, 150), (148, 150), (150, 150), (149, 150), (120, 120), (100, 100), (118, 120), (119, 120), (150, 150), (119, 120), (120, 120), (150, 150), (120, 120), (120, 120), (117, 120), (150, 150), (149, 150), (116, 120), (99, 100), (149, 150), (150, 150), (149, 150), (99, 100), (99, 100), (148, 150), (149, 150), (120, 120), (119, 120), (97, 100), (150, 150), (150, 150), (150, 150), (120, 120), (118, 120), (119, 120), (98, 100), (93, 100), (149, 150), (150, 150), (117, 120), (150, 150), (118, 120), (150, 150), (118, 120), (119, 120), (149, 150), (149, 150), (145, 150), (147, 150), (150, 150), (100, 100), (120, 120), (148, 150), (141, 150), (118, 120), (120, 120), (149, 150), (99, 100), (149, 150), (144, 150), (100, 100), (116, 120), (97, 100), (141, 150), (146, 150), (145, 150), (150, 150), (113, 120), (150, 150), (150, 150), (140, 150), (144, 150), (117, 120)]
Media dos resultados BRKGA: 10016.666666666666 - Melhor: 9890 - Gap: 1.28

Instancia: prob_200_10.txt, 2025-04-19 16:06:58

Resultado BRKGA 1: 10350 [(99, 100), (100, 100), (99, 100), (120, 120), (118, 120), (100, 100), (148, 150), (100, 100), (150, 150), (119, 120), (150, 150), (147, 150), (150, 150), (148, 150), (115, 120), (120, 120), (115, 120), (120, 120), (120, 120), (119, 120), (120, 120), (149, 150), (150, 150), (148, 150), (100, 100), (150, 150), (149, 150), (150, 150), (149, 150), (146, 150), (150, 150), (120, 120), (147, 150), (148, 150), (114, 120), (114, 120), (146, 150), (149, 150), (117, 120), (97, 100), (100, 100), (117, 120), (149, 150), (119, 120), (150, 150), (147, 150), (145, 150), (115, 120), (119, 120), (118, 120), (146, 150), (113, 120), (99, 100), (150, 150), (100, 100), (100, 100), (150, 150), (115, 120), (97, 100), (93, 100), (120, 120), (150, 150), (149, 150), (120, 120), (147, 150), (97, 100), (99, 100), (150, 150), (145, 150), (146, 150), (113, 120), (149, 150), (116, 120), (150, 150), (95, 100), (149, 150), (147, 150), (96, 100), (149, 150), (98, 100)]
Resultado BRKGA 2: 10360 [(150, 150), (119, 120), (120, 120), (100, 100), (148, 150), (120, 120), (150, 150), (120, 120), (150, 150), (120, 120), (150, 150), (149, 150), (148, 150), (120, 120), (99, 100), (149, 150), (148, 150), (120, 120), (99, 100), (149, 150), (148, 150), (120, 120), (100, 100), (150, 150), (98, 100), (148, 150), (120, 120), (143, 150), (100, 100), (146, 150), (147, 150), (148, 150), (117, 120), (120, 120), (150, 150), (150, 150), (118, 120), (147, 150), (97, 100), (145, 150), (148, 150), (149, 150), (149, 150), (118, 120), (116, 120), (119, 120), (114, 120), (119, 120), (120, 120), (97, 100), (96, 100), (117, 120), (146, 150), (115, 120), (116, 120), (98, 100), (148, 150), (144, 150), (147, 150), (120, 120), (145, 150), (97, 100), (149, 150), (97, 100), (97, 100), (118, 120), (98, 100), (97, 100), (147, 150), (100, 100), (146, 150), (148, 150), (100, 100), (91, 100), (97, 100), (147, 150), (145, 150), (150, 150), (147, 150), (145, 150)]
Resultado BRKGA 3: 10340 [(120, 120), (150, 150), (150, 150), (120, 120), (150, 150), (120, 120), (149, 150), (148, 150), (100, 100), (150, 150), (150, 150), (148, 150), (146, 150), (100, 100), (100, 100), (97, 100), (119, 120), (150, 150), (119, 120), (97, 100), (97, 100), (120, 120), (117, 120), (118, 120), (147, 150), (120, 120), (150, 150), (147, 150), (148, 150), (149, 150), (100, 100), (97, 100), (149, 150), (99, 100), (145, 150), (118, 120), (142, 150), (100, 100), (99, 100), (148, 150), (149, 150), (150, 150), (115, 120), (120, 120), (99, 100), (119, 120), (149, 150), (99, 100), (147, 150), (150, 150), (97, 100), (149, 150), (144, 150), (150, 150), (149, 150), (146, 150), (146, 150), (149, 150), (93, 100), (120, 120), (149, 150), (149, 150), (115, 120), (146, 150), (149, 150), (95, 100), (120, 120), (100, 100), (118, 120), (112, 120), (119, 120), (149, 150), (120, 120), (150, 150), (118, 120), (118, 120), (148, 150), (139, 150), (150, 150)]
Media dos resultados BRKGA: 10350.0 - Melhor: 10200 - Gap: 1.47

Instancia: prob_500_1.txt, 2025-04-19 16:14:32

Resultado BRKGA 1: 25530 [(120, 120), (150, 150), (120, 120), (100, 100), (120, 120), (100, 100), (150, 150), (150, 150), (120, 120), (150, 150), (119, 120), (99, 100), (150, 150), (100, 100), (118, 120), (120, 120), (150, 150), (100, 100), (99, 100), (147, 150), (117, 120), (150, 150), (149, 150), (150, 150), (150, 150), (118, 120), (119, 120), (149, 150), (119, 120), (150, 150), (146, 150), (147, 150), (99, 100), (100, 100), (117, 120), (119, 120), (98, 100), (100, 100), (115, 120), (120, 120), (97, 100), (100, 100), (146, 150), (116, 120), (150, 150), (150, 150), (150, 150), (99, 100), (119, 120), (98, 100), (97, 100), (120, 120), (146, 150), (119, 120), (119, 120), (100, 100), (146, 150), (119, 120), (148, 150), (150, 150), (99, 100), (150, 150), (147, 150), (150, 150), (99, 100), (150, 150), (150, 150), (119, 120), (150, 150), (119, 120), (98, 100), (99, 100), (100, 100), (99, 100), (149, 150), (100, 100), (115, 120), (149, 150), (150, 150), (150, 150), (120, 120), (145, 150), (150, 150), (116, 120), (148, 150), (94, 100), (100, 100), (100, 100), (120, 120), (149, 150), (147, 150), (147, 150), (99, 100), (95, 100), (148, 150), (145, 150), (116, 120), (99, 100), (112, 120), (118, 120), (116, 120), (120, 120), (147, 150), (116, 120), (143, 150), (148, 150), (118, 120), (114, 120), (150, 150), (96, 100), (118, 120), (148, 150), (120, 120), (99, 100), (98, 100), (97, 100), (150, 150), (150, 150), (118, 120), (120, 120), (117, 120), (147, 150), (98, 100), (94, 100), (116, 120), (119, 120), (99, 100), (146, 150), (99, 100), (146, 150), (150, 150), (145, 150), (99, 100), (94, 100), (119, 120), (149, 150), (147, 150), (112, 120), (113, 120), (119, 120), (112, 120), (150, 150), (99, 100), (97, 100), (118, 120), (114, 120), (100, 100), (144, 150), (120, 120), (116, 120), (150, 150), (109, 120), (116, 120), (108, 120), (150, 150), (148, 150), (97, 100), (140, 150), (116, 120), (120, 120), (144, 150), (99, 100), (140, 150), (146, 150), (146, 150), (118, 120), (118, 120), (109, 120), (138, 150), (147, 150), (118, 120), (99, 100), (119, 120), (150, 150), (97, 100), (144, 150), (144, 150), (113, 120), (117, 120), (94, 100), (142, 150), (120, 120), (116, 120), (108, 120), (99, 100), (107, 120), (149, 150), (97, 100), (149, 150), (120, 120), (147, 150), (95, 100), (98, 100), (112, 120), (143, 150), (142, 150), (98, 100), (148, 150), (80, 100), (148, 150), (83, 100), (144, 150)]
Resultado BRKGA 2: 25540 [(100, 100), (100, 100), (100, 100), (120, 120), (150, 150), (149, 150), (149, 150), (100, 100), (119, 120), (119, 120), (150, 150), (150, 150), (99, 100), (150, 150), (119, 120), (120, 120), (100, 100), (120, 120), (150, 150), (98, 100), (100, 100), (149, 150), (99, 100), (100, 100), (98, 100), (150, 150), (149, 150), (99, 100), (149, 150), (149, 150), (100, 100), (149, 150), (148, 150), (100, 100), (150, 150), (99, 100), (119, 120), (119, 120), (118, 120), (150, 150), (149, 150), (148, 150), (120, 120), (147, 150), (150, 150), (120, 120), (118, 120), (117, 120), (98, 100), (99, 100), (150, 150), (100, 100), (120, 120), (120, 120), (98, 100), (150, 150), (118, 120), (147, 150), (120, 120), (150, 150), (147, 150), (150, 150), (99, 100), (100, 100), (150, 150), (120, 120), (150, 150), (150, 150), (99, 100), (120, 120), (118, 120), (120, 120), (150, 150), (148, 150), (149, 150), (99, 100), (100, 100), (98, 100), (117, 120), (119, 120), (147, 150), (146, 150), (150, 150), (118, 120), (145, 150), (117, 120), (146, 150), (142, 150), (94, 100), (100, 100), (149, 150), (150, 150), (116, 120), (120, 120), (150, 150), (120, 120), (120, 120), (145, 150), (98, 100), (115, 120), (120, 120), (146, 150), (98, 100), (100, 100), (97, 100), (147, 150), (150, 150), (93, 100), (92, 100), (147, 150), (142, 150), (118, 120), (100, 100), (149, 150), (148, 150), (111, 120), (120, 120), (113, 120), (96, 100), (119, 120), (118, 120), (116, 120), (117, 120), (146, 150), (100, 100), (97, 100), (92, 100), (120, 120), (112, 120), (91, 100), (112, 120), (118, 120), (97, 100), (93, 100), (114, 120), (142, 150), (116, 120), (119, 120), (96, 100), (119, 120), (119, 120), (114, 120), (150, 150), (109, 120), (150, 150), (100, 100), (118, 120), (96, 100), (149, 150), (146, 150), (139, 150), (111, 120), (98, 100), (148, 150), (150, 150), (120, 120), (98, 100), (147, 150), (109, 120), (90, 100), (99, 100), (96, 100), (117, 120), (141, 150), (100, 100), (150, 150), (98, 100), (99, 100), (119, 120), (113, 120), (149, 150), (93, 100), (100, 100), (150, 150), (120, 120), (93, 100), (114, 120), (119, 120), (120, 120), (141, 150), (99, 100), (100, 100), (98, 100), (149, 150), (113, 120), (98, 100), (145, 150), (150, 150), (93, 100), (149, 150), (149, 150), (117, 120), (116, 120), (103, 120), (92, 100), (120, 120), (145, 150), (137, 150), (96, 100), (138, 150), (150, 150), (78, 100), (138, 150), (120, 120), (84, 100)]
Resultado BRKGA 3: 25570 [(120, 120), (100, 100), (100, 100), (150, 150), (120, 120), (120, 120), (119, 120), (100, 100), (100, 100), (119, 120), (150, 150), (100, 100), (120, 120), (149, 150), (100, 100), (100, 100), (150, 150), (98, 100), (120, 120), (100, 100), (100, 100), (148, 150), (98, 100), (98, 100), (120, 120), (149, 150), (149, 150), (150, 150), (150, 150), (150, 150), (99, 100), (150, 150), (99, 100), (149, 150), (120, 120), (120, 120), (118, 120), (97, 100), (120, 120), (147, 150), (100, 100), (150, 150), (118, 120), (120, 120), (146, 150), (100, 100), (149, 150), (117, 120), (116, 120), (96, 100), (149, 150), (120, 120), (120, 120), (146, 150), (149, 150), (148, 150), (150, 150), (147, 150), (100, 100), (150, 150), (120, 120), (98, 100), (100, 100), (148, 150), (149, 150), (100, 100), (150, 150), (118, 120), (117, 120), (120, 120), (148, 150), (148, 150), (98, 100), (148, 150), (120, 120), (97, 100), (98, 100), (119, 120), (97, 100), (150, 150), (120, 120), (99, 100), (120, 120), (149, 150), (150, 150), (150, 150), (150, 150), (120, 120), (148, 150), (150, 150), (147, 150), (95, 100), (96, 100), (98, 100), (97, 100), (98, 100), (99, 100), (144, 150), (99, 100), (119, 120), (146, 150), (98, 100), (92, 100), (149, 150), (100, 100), (150, 150), (146, 150), (117, 120), (144, 150), (150, 150), (116, 120), (114, 120), (97, 100), (119, 120), (94, 100), (146, 150), (149, 150), (95, 100), (120, 120), (119, 120), (97, 100), (100, 100), (99, 100), (146, 150), (144, 150), (142, 150), (96, 100), (96, 100), (147, 150), (111, 120), (146, 150), (95, 100), (119, 120), (150, 150), (119, 120), (148, 150), (96, 100), (117, 120), (150, 150), (112, 120), (100, 100), (98, 100), (141, 150), (114, 120), (100, 100), (114, 120), (118, 120), (98, 100), (150, 150), (113, 120), (114, 120), (147, 150), (96, 100), (120, 120), (134, 150), (102, 120), (148, 150), (94, 100), (150, 150), (99, 100), (114, 120), (111, 120), (147, 150), (88, 100), (147, 150), (141, 150), (113, 120), (149, 150), (144, 150), (148, 150), (109, 120), (118, 120), (140, 150), (111, 120), (114, 120), (112, 120), (120, 120), (137, 150), (115, 120), (93, 100), (147, 150), (149, 150), (119, 120), (116, 120), (149, 150), (90, 100), (142, 150), (95, 100), (112, 120), (149, 150), (100, 100), (143, 150), (140, 150), (142, 150), (93, 100), (96, 100), (142, 150), (120, 120), (115, 120), (139, 150), (142, 150), (149, 150), (147, 150)]
Media dos resultados BRKGA: 25546.666666666668 - Melhor: 25000 - Gap: 2.19

Instancia: prob_500_2.txt, 2025-04-19 16:22:18

