Instancia: prob_25_1.txt, 2025-04-22 14:33:59

Resultado BRKGA 1: 1350 [(120, 120), (120, 120), (120, 120), (120, 120), (150, 150), (149, 150), (150, 150), (119, 120), (150, 150), (149, 150)]
Resultado MS 1: 1360 [(150, 150), (100, 100), (99, 100), (98, 100), (144, 150), (119, 120), (99, 100), (150, 150), (120, 120), (120, 120), (148, 150)]
Resultado SA 1: 1370 [(149, 150), (96, 100), (97, 100), (150, 150), (98, 100), (147, 150), (146, 150), (149, 150), (120, 120), (97, 100), (98, 100)]

Resultado BRKGA 2: 1350 [(120, 120), (120, 120), (120, 120), (120, 120), (119, 120), (150, 150), (150, 150), (149, 150), (150, 150), (149, 150)]
Resultado MS 2: 1360 [(144, 150), (150, 150), (150, 150), (120, 120), (120, 120), (150, 150), (119, 120), (149, 150), (97, 100), (148, 150)]
Resultado SA 2: 1360 [(120, 120), (148, 150), (150, 150), (100, 100), (150, 150), (149, 150), (98, 100), (120, 120), (120, 120), (95, 100), (97, 100)]

Resultado BRKGA 3: 1350 [(120, 120), (120, 120), (120, 120), (120, 120), (150, 150), (118, 120), (150, 150), (150, 150), (150, 150), (149, 150)]
Resultado MS 3: 1360 [(99, 100), (120, 120), (150, 150), (149, 150), (98, 100), (148, 150), (100, 100), (149, 150), (120, 120), (96, 100), (118, 120)]
Resultado SA 3: 1360 [(120, 120), (99, 100), (142, 150), (149, 150), (99, 100), (100, 100), (150, 150), (120, 120), (120, 120), (98, 100), (150, 150)]

Media dos resultados MS: 1350.0

Media dos resultados MS: 1360.0

Media dos resultados SA: 1363.3333333333333

Instancia: prob_25_2.txt, 2025-04-22 14:50:51

Resultado BRKGA 1: 1310 [(100, 100), (120, 120), (149, 150), (148, 150), (119, 120), (150, 150), (117, 120), (100, 100), (146, 150), (150, 150)]
Resultado MS 1: 1310 [(99, 100), (119, 120), (120, 120), (148, 150), (150, 150), (147, 150), (150, 150), (120, 120), (98, 100), (148, 150)]
Resultado SA 1: 1310 [(120, 120), (150, 150), (150, 150), (98, 100), (149, 150), (100, 100), (120, 120), (120, 120), (144, 150), (148, 150)]

Resultado BRKGA 2: 1310 [(148, 150), (100, 100), (119, 120), (148, 150), (100, 100), (150, 150), (120, 120), (150, 150), (120, 120), (144, 150)]
Resultado MS 2: 1310 [(150, 150), (100, 100), (150, 150), (147, 150), (120, 120), (118, 120), (120, 120), (147, 150), (99, 100), (148, 150)]
Resultado SA 2: 1310 [(149, 150), (150, 150), (146, 150), (120, 120), (100, 100), (119, 120), (117, 120), (150, 150), (150, 150), (98, 100)]

Resultado BRKGA 3: 1310 [(147, 150), (118, 120), (150, 150), (120, 120), (98, 100), (120, 120), (100, 100), (150, 150), (146, 150), (150, 150)]
Resultado MS 3: 1310 [(99, 100), (98, 100), (150, 150), (119, 120), (100, 100), (150, 150), (117, 120), (100, 100), (149, 150), (100, 100), (117, 120)]
Resultado SA 3: 1310 [(100, 100), (149, 150), (149, 150), (100, 100), (98, 100), (120, 120), (149, 150), (100, 100), (100, 100), (114, 120), (120, 120)]

Media dos resultados MS: 1310.0

Media dos resultados MS: 1310.0

Media dos resultados SA: 1310.0

Instancia: prob_25_3.txt, 2025-04-22 15:06:08

Resultado BRKGA 1: 1140 [(149, 150), (149, 150), (148, 150), (150, 150), (119, 120), (120, 120), (149, 150), (150, 150)]
Resultado MS 1: 1140 [(120, 120), (150, 150), (150, 150), (98, 100), (99, 100), (148, 150), (150, 150), (99, 100), (120, 120)]
Resultado SA 1: 1140 [(100, 100), (150, 150), (150, 150), (120, 120), (99, 100), (95, 100), (120, 120), (150, 150), (150, 150)]

Resultado BRKGA 2: 1140 [(120, 120), (97, 100), (120, 120), (150, 150), (98, 100), (150, 150), (150, 150), (150, 150), (99, 100)]
Resultado MS 2: 1140 [(120, 120), (118, 120), (120, 120), (150, 150), (119, 120), (150, 150), (120, 120), (118, 120), (119, 120)]
Resultado SA 2: 1140 [(100, 100), (99, 100), (150, 150), (149, 150), (120, 120), (150, 150), (98, 100), (119, 120), (149, 150)]

Resultado BRKGA 3: 1140 [(149, 150), (149, 150), (148, 150), (150, 150), (120, 120), (150, 150), (150, 150), (118, 120)]
Resultado MS 3: 1140 [(99, 100), (100, 100), (119, 120), (120, 120), (149, 150), (150, 150), (149, 150), (98, 100), (150, 150)]
Resultado SA 3: 1140 [(100, 100), (149, 150), (149, 150), (150, 150), (120, 120), (99, 100), (150, 150), (119, 120), (98, 100)]

Media dos resultados MS: 1140.0

Media dos resultados MS: 1140.0

Media dos resultados SA: 1140.0

Instancia: prob_25_4.txt, 2025-04-22 15:21:15

Resultado BRKGA 1: 1200 [(116, 120), (118, 120), (120, 120), (118, 120), (147, 150), (100, 100), (99, 100), (120, 120), (100, 100), (150, 150)]
Resultado MS 1: 1200 [(120, 120), (120, 120), (119, 120), (148, 150), (100, 100), (150, 150), (98, 100), (119, 120), (118, 120), (96, 100)]
Resultado SA 1: 1200 [(118, 120), (100, 100), (120, 120), (148, 150), (120, 120), (100, 100), (99, 100), (119, 120), (147, 150), (117, 120)]

Resultado BRKGA 2: 1190 [(100, 100), (120, 120), (118, 120), (100, 100), (150, 150), (150, 150), (150, 150), (150, 150), (150, 150)]
Resultado MS 2: 1200 [(119, 120), (150, 150), (100, 100), (119, 120), (118, 120), (120, 120), (96, 100), (147, 150), (119, 120), (100, 100)]
Resultado SA 2: 1200 [(149, 150), (120, 120), (146, 150), (119, 120), (120, 120), (149, 150), (119, 120), (117, 120), (149, 150)]

Resultado BRKGA 3: 1190 [(100, 100), (99, 100), (120, 120), (150, 150), (119, 120), (150, 150), (150, 150), (150, 150), (150, 150)]
Resultado MS 3: 1200 [(150, 150), (147, 150), (120, 120), (149, 150), (120, 120), (118, 120), (150, 150), (120, 120), (114, 120)]
Resultado SA 3: 1200 [(119, 120), (148, 150), (118, 120), (99, 100), (120, 120), (120, 120), (100, 100), (115, 120), (149, 150), (100, 100)]

Media dos resultados MS: 1193.3333333333333

Media dos resultados MS: 1200.0

Media dos resultados SA: 1200.0

Instancia: prob_25_5.txt, 2025-04-22 15:40:18

Resultado BRKGA 1: 1090 [(99, 100), (148, 150), (147, 150), (120, 120), (98, 100), (99, 100), (120, 120), (100, 100), (150, 150)]
Resultado MS 1: 1090 [(148, 150), (120, 120), (100, 100), (149, 150), (120, 120), (98, 100), (100, 100), (98, 100), (148, 150)]
Resultado SA 1: 1090 [(100, 100), (150, 150), (120, 120), (146, 150), (99, 100), (149, 150), (100, 100), (98, 100), (119, 120)]

Resultado BRKGA 2: 1090 [(98, 100), (147, 150), (120, 120), (149, 150), (120, 120), (150, 150), (147, 150), (150, 150)]
Resultado MS 2: 1090 [(120, 120), (118, 120), (150, 150), (120, 120), (116, 120), (120, 120), (117, 120), (100, 100), (120, 120)]
Resultado SA 2: 1090 [(150, 150), (115, 120), (100, 100), (149, 150), (120, 120), (150, 150), (100, 100), (98, 100), (99, 100)]

Resultado BRKGA 3: 1090 [(100, 100), (120, 120), (145, 150), (150, 150), (149, 150), (100, 100), (99, 100), (99, 100), (119, 120)]
Resultado MS 3: 1090 [(95, 100), (120, 120), (100, 100), (150, 150), (118, 120), (99, 100), (100, 100), (150, 150), (149, 150)]
Resultado SA 3: 1090 [(145, 150), (100, 100), (119, 120), (150, 150), (150, 150), (150, 150), (117, 120), (150, 150)]

Media dos resultados MS: 1090.0

Media dos resultados MS: 1090.0

Media dos resultados SA: 1090.0

Instancia: prob_25_6.txt, 2025-04-22 15:55:27

Resultado BRKGA 1: 1260 [(100, 100), (99, 100), (120, 120), (120, 120), (120, 120), (100, 100), (150, 150), (150, 150), (150, 150), (149, 150)]
Resultado MS 1: 1270 [(119, 120), (150, 150), (118, 120), (100, 100), (119, 120), (148, 150), (118, 120), (150, 150), (116, 120), (120, 120)]
Resultado SA 1: 1270 [(147, 150), (150, 150), (100, 100), (120, 120), (148, 150), (99, 100), (98, 100), (100, 100), (146, 150), (150, 150)]

Resultado BRKGA 2: 1270 [(150, 150), (150, 150), (97, 100), (150, 150), (120, 120), (149, 150), (147, 150), (150, 150), (145, 150)]
Resultado MS 2: 1270 [(120, 120), (149, 150), (150, 150), (120, 120), (97, 100), (118, 120), (119, 120), (118, 120), (117, 120), (150, 150)]
Resultado SA 2: 1270 [(99, 100), (119, 120), (120, 120), (119, 120), (119, 120), (118, 120), (120, 120), (146, 150), (149, 150), (149, 150)]

Resultado BRKGA 3: 1260 [(100, 100), (98, 100), (100, 100), (120, 120), (120, 120), (120, 120), (150, 150), (150, 150), (150, 150), (150, 150)]
Resultado MS 3: 1270 [(97, 100), (119, 120), (120, 120), (149, 150), (114, 120), (120, 120), (120, 120), (150, 150), (119, 120), (150, 150)]
Resultado SA 3: 1270 [(148, 150), (120, 120), (149, 150), (149, 150), (100, 100), (148, 150), (149, 150), (149, 150), (146, 150)]

Media dos resultados MS: 1263.3333333333333

Media dos resultados MS: 1270.0

Media dos resultados SA: 1270.0

Instancia: prob_25_7.txt, 2025-04-22 16:16:35

Resultado BRKGA 1: 1260 [(120, 120), (150, 150), (148, 150), (113, 120), (149, 150), (120, 120), (149, 150), (150, 150), (149, 150)]
Resultado MS 1: 1260 [(99, 100), (120, 120), (145, 150), (120, 120), (120, 120), (147, 150), (150, 150), (100, 100), (149, 150), (98, 100)]
Resultado SA 1: 1260 [(147, 150), (150, 150), (150, 150), (117, 120), (120, 120), (117, 120), (148, 150), (150, 150), (149, 150)]

Resultado BRKGA 2: 1260 [(150, 150), (150, 150), (149, 150), (120, 120), (150, 150), (118, 120), (145, 150), (118, 120), (148, 150)]
Resultado MS 2: 1260 [(120, 120), (149, 150), (100, 100), (149, 150), (98, 100), (96, 100), (117, 120), (150, 150), (149, 150), (120, 120)]
Resultado SA 2: 1260 [(100, 100), (150, 150), (100, 100), (99, 100), (149, 150), (118, 120), (146, 150), (120, 120), (118, 120), (148, 150)]

Resultado BRKGA 3: 1260 [(119, 120), (96, 100), (150, 150), (98, 100), (118, 120), (100, 100), (150, 150), (150, 150), (149, 150), (118, 120)]
Resultado MS 3: 1260 [(118, 120), (149, 150), (148, 150), (118, 120), (100, 100), (120, 120), (97, 100), (150, 150), (149, 150), (99, 100)]
Resultado SA 3: 1260 [(150, 150), (149, 150), (118, 120), (149, 150), (119, 120), (119, 120), (149, 150), (146, 150), (149, 150)]

Media dos resultados MS: 1260.0

Media dos resultados MS: 1260.0

Media dos resultados SA: 1260.0

Instancia: prob_25_8.txt, 2025-04-22 16:39:07

Resultado BRKGA 1: 1250 [(100, 100), (150, 150), (100, 100), (150, 150), (150, 150), (150, 150), (150, 150), (150, 150), (150, 150)]
Resultado MS 1: 1260 [(98, 100), (120, 120), (150, 150), (99, 100), (117, 120), (150, 150), (100, 100), (120, 120), (146, 150), (150, 150)]
Resultado SA 1: 1260 [(120, 120), (100, 100), (148, 150), (120, 120), (150, 150), (146, 150), (100, 100), (117, 120), (150, 150), (99, 100)]

Resultado BRKGA 2: 1250 [(100, 100), (100, 100), (150, 150), (150, 150), (150, 150), (150, 150), (150, 150), (150, 150), (150, 150)]
Resultado MS 2: 1260 [(150, 150), (100, 100), (117, 120), (120, 120), (99, 100), (99, 100), (120, 120), (150, 150), (146, 150), (149, 150)]
Resultado SA 2: 1260 [(98, 100), (150, 150), (120, 120), (98, 100), (150, 150), (150, 150), (120, 120), (150, 150), (120, 120), (94, 100)]

Resultado BRKGA 3: 1250 [(100, 100), (150, 150), (100, 100), (150, 150), (150, 150), (150, 150), (150, 150), (150, 150), (150, 150)]
Resultado MS 3: 1260 [(119, 120), (99, 100), (119, 120), (150, 150), (150, 150), (148, 150), (118, 120), (148, 150), (100, 100), (99, 100)]
Resultado SA 3: 1260 [(119, 120), (120, 120), (117, 120), (150, 150), (100, 100), (149, 150), (100, 100), (150, 150), (145, 150), (100, 100)]

Media dos resultados MS: 1250.0

Media dos resultados MS: 1260.0

Media dos resultados SA: 1260.0

Instancia: prob_25_9.txt, 2025-04-22 16:55:41

Resultado BRKGA 1: 1350 [(150, 150), (120, 120), (118, 120), (117, 120), (120, 120), (149, 150), (148, 150), (120, 120), (149, 150), (149, 150)]
Resultado MS 1: 1350 [(119, 120), (120, 120), (120, 120), (150, 150), (148, 150), (100, 100), (99, 100), (98, 100), (120, 120), (118, 120), (148, 150)]
Resultado SA 1: 1360 [(114, 120), (100, 100), (144, 150), (149, 150), (98, 100), (99, 100), (119, 120), (150, 150), (120, 120), (99, 100), (148, 150)]

Resultado BRKGA 2: 1350 [(120, 120), (116, 120), (120, 120), (150, 150), (150, 150), (120, 120), (120, 120), (146, 150), (149, 150), (149, 150)]
Resultado MS 2: 1350 [(97, 100), (118, 120), (150, 150), (120, 120), (120, 120), (99, 100), (120, 120), (98, 100), (120, 120), (150, 150), (148, 150)]
Resultado SA 2: 1360 [(149, 150), (149, 150), (120, 120), (140, 150), (120, 120), (114, 120), (150, 150), (150, 150), (150, 150), (98, 100)]

Resultado BRKGA 3: 1350 [(120, 120), (150, 150), (149, 150), (119, 120), (120, 120), (150, 150), (120, 120), (117, 120), (146, 150), (149, 150)]
Resultado MS 3: 1350 [(97, 100), (117, 120), (118, 120), (120, 120), (120, 120), (150, 150), (120, 120), (100, 100), (98, 100), (150, 150), (150, 150)]
Resultado SA 3: 1360 [(150, 150), (99, 100), (99, 100), (100, 100), (120, 120), (143, 150), (117, 120), (145, 150), (119, 120), (98, 100), (150, 150)]

Media dos resultados MS: 1350.0

Media dos resultados MS: 1350.0

Media dos resultados SA: 1360.0

Instancia: prob_25_10.txt, 2025-04-22 17:11:48

Resultado BRKGA 1: 1370 [(100, 100), (150, 150), (149, 150), (97, 100), (150, 150), (120, 120), (149, 150), (150, 150), (150, 150), (148, 150)]
Resultado MS 1: 1370 [(100, 100), (150, 150), (96, 100), (149, 150), (99, 100), (150, 150), (120, 120), (99, 100), (150, 150), (100, 100), (150, 150)]
Resultado SA 1: 1380 [(120, 120), (120, 120), (100, 100), (150, 150), (120, 120), (150, 150), (96, 100), (97, 100), (118, 120), (150, 150), (142, 150)]

Resultado BRKGA 2: 1370 [(100, 100), (99, 100), (148, 150), (150, 150), (150, 150), (147, 150), (150, 150), (149, 150), (120, 120), (150, 150)]
Resultado MS 2: 1380 [(120, 120), (97, 100), (150, 150), (100, 100), (149, 150), (96, 100), (120, 120), (120, 120), (148, 150), (120, 120), (143, 150)]
Resultado SA 2: 1380 [(120, 120), (150, 150), (146, 150), (119, 120), (149, 150), (112, 120), (119, 120), (150, 150), (149, 150), (149, 150)]

