Instancia: prob_25_1.txt, 2025-05-05 21:52:49

Resultado BRKGA 1: 1350 [(149, 150), (149, 150), (150, 150), (120, 120), (120, 120), (120, 120), (120, 120), (150, 150), (119, 120), (150, 150)]
Resultado BRKGA 2: 1350 [(120, 120), (149, 150), (150, 150), (149, 150), (150, 150), (120, 120), (119, 120), (120, 120), (120, 120), (150, 150)]
Resultado BRKGA 3: 1350 [(120, 120), (120, 120), (120, 120), (150, 150), (150, 150), (149, 150), (150, 150), (119, 120), (149, 150), (120, 120)]
Media dos resultados MS: 1350.0

Instancia: prob_25_2.txt, 2025-05-05 21:55:18

Resultado BRKGA 1: 1310 [(119, 120), (150, 150), (146, 150), (117, 120), (120, 120), (97, 100), (100, 100), (150, 150), (150, 150), (150, 150)]
Resultado BRKGA 2: 1310 [(150, 150), (120, 120), (120, 120), (111, 120), (149, 150), (100, 100), (100, 100), (150, 150), (149, 150), (150, 150)]
Resultado BRKGA 3: 1310 [(150, 150), (99, 100), (100, 100), (150, 150), (98, 100), (150, 150), (97, 100), (117, 120), (120, 120), [98, 100], (120, 120)]
Media dos resultados MS: 1310.0

Instancia: prob_25_3.txt, 2025-05-05 21:55:22

Resultado BRKGA 1: 1140 [(150, 150), (150, 150), [98, 100], (150, 150), (119, 120), (150, 150), [99, 100], (100, 100), (118, 120)]
Resultado BRKGA 2: 1140 [(100, 100), (100, 100), (150, 150), (149, 150), (150, 150), [98, 100], (148, 150), (119, 120), (120, 120)]
Resultado BRKGA 3: 1140 [(150, 150), (120, 120), (148, 150), (150, 150), (100, 100), (119, 120), [99, 100], (149, 150), (99, 100)]
Media dos resultados MS: 1140.0

Instancia: prob_25_4.txt, 2025-05-05 21:55:27

Resultado BRKGA 1: 1190 [(120, 120), (150, 150), (150, 150), (150, 150), (149, 150), (99, 100), (120, 120), (100, 100), (150, 150)]
Resultado BRKGA 2: 1190 [(150, 150), (100, 100), (98, 100), (150, 150), (120, 120), (150, 150), (150, 150), (150, 150), (120, 120)]
Resultado BRKGA 3: 1190 [(150, 150), (100, 100), (120, 120), (149, 150), (150, 150), (120, 120), (150, 150), (149, 150), (100, 100)]
Media dos resultados MS: 1190.0

Instancia: prob_25_5.txt, 2025-05-05 22:00:13

Resultado BRKGA 1: 1090 [(149, 150), (98, 100), (149, 150), (149, 150), (119, 120), (149, 150), (119, 120), (149, 150)]
Resultado BRKGA 2: 1090 [(150, 150), (120, 120), (149, 150), (149, 150), (98, 100), (149, 150), (119, 120), (147, 150)]
Resultado BRKGA 3: 1090 [(150, 150), (100, 100), (96, 100), (149, 150), (100, 100), (148, 150), (118, 120), (100, 100), (120, 120)]
Media dos resultados MS: 1090.0

Instancia: prob_25_6.txt, 2025-05-05 22:00:19

Resultado BRKGA 1: 1260 [(148, 150), (120, 120), (150, 150), (150, 150), (150, 150), (150, 150), (150, 150), (120, 120), (120, 120)]
Resultado BRKGA 2: 1260 [(150, 150), (120, 120), (150, 150), (120, 120), (150, 150), (119, 120), (150, 150), (149, 150), (150, 150)]
Resultado BRKGA 3: 1260 [(100, 100), (150, 150), (150, 150), (119, 120), (120, 120), (120, 120), (100, 100), (150, 150), (150, 150), (99, 100)]
Media dos resultados MS: 1260.0

Instancia: prob_25_7.txt, 2025-05-05 22:04:17

