Instancia: prob_25_1.txt, 2025-05-05 17:47:40

Resultado BRKGA 1: 1350 [(118, 120), (149, 150), (120, 120), (150, 150), (150, 150), (120, 120), (150, 150), (150, 150), (120, 120), (120, 120)]
Resultado BRKGA 2: 1350 [(120, 120), (120, 120), (120, 120), (150, 150), (149, 150), (150, 150), (150, 150), (118, 120), (120, 120), (150, 150)]
Resultado BRKGA 3: 1350 [(120, 120), (120, 120), (120, 120), (150, 150), (150, 150), (120, 120), (150, 150), (149, 150), (118, 120), (150, 150)]
Media dos resultados MS: 1350.0

Instancia: prob_25_2.txt, 2025-05-05 17:48:28

Resultado BRKGA 1: 1310 [(147, 150), (120, 120), (149, 150), (100, 100), (117, 120), (120, 120), (149, 150), (148, 150), (149, 150), (100, 100)]
Resultado BRKGA 2: 1310 [(150, 150), (100, 100), (120, 120), (120, 120), (117, 120), (148, 150), (150, 150), (150, 150), (146, 150), [98, 100]]
Resultado BRKGA 3: 1310 [(150, 150), (119, 120), (120, 120), (97, 100), (149, 150), (146, 150), (150, 150), (100, 100), (120, 120), (148, 150)]
Media dos resultados MS: 1310.0

Instancia: prob_25_3.txt, 2025-05-05 17:48:30

Resultado BRKGA 1: 1140 [(146, 150), (150, 150), (120, 120), (149, 150), (150, 150), (150, 150), (150, 150), (119, 120)]
Resultado BRKGA 2: 1140 [(150, 150), (98, 100), (148, 150), (150, 150), (120, 120), (150, 150), (119, 120), [99, 100], (100, 100)]
Resultado BRKGA 3: 1140 [(120, 120), (100, 100), (150, 150), (118, 120), (149, 150), (150, 150), (100, 100), [99, 100], (148, 150)]
Media dos resultados MS: 1140.0

Instancia: prob_25_4.txt, 2025-05-05 17:48:33

Resultado BRKGA 1: 1190 [(120, 120), (150, 150), (100, 100), (149, 150), (120, 120), (149, 150), (150, 150), (150, 150), (100, 100)]
Resultado BRKGA 2: 1190 [(150, 150), (149, 150), (120, 120), (119, 120), (100, 100), (150, 150), (150, 150), (100, 100), (150, 150)]
Resultado BRKGA 3: 1190 [(150, 150), (149, 150), (150, 150), (120, 120), (100, 100), (150, 150), (150, 150), (119, 120), (100, 100)]
Media dos resultados MS: 1190.0

Instancia: prob_25_5.txt, 2025-05-05 17:50:24

Resultado BRKGA 1: 1090 [(150, 150), (150, 150), (118, 120), (100, 100), (146, 150), (120, 120), (150, 150), (147, 150)]
Resultado BRKGA 2: 1090 [(120, 120), (148, 150), (150, 150), (150, 150), (100, 100), (148, 150), (148, 150), (117, 120)]
Resultado BRKGA 3: 1090 [(100, 100), (117, 120), (99, 100), (100, 100), (120, 120), (98, 100), (150, 150), (149, 150), (148, 150)]
Media dos resultados MS: 1090.0

Instancia: prob_25_6.txt, 2025-05-05 17:50:26

Resultado BRKGA 1: 1260 [(149, 150), (120, 120), (100, 100), (100, 100), (150, 150), (150, 150), (119, 120), (150, 150), (100, 100), (120, 120)]
Resultado BRKGA 2: 1260 [(150, 150), (150, 150), (120, 120), (120, 120), (120, 120), (150, 150), (150, 150), (150, 150), (148, 150)]
Resultado BRKGA 3: 1260 [(150, 150), (150, 150), (150, 150), (120, 120), (150, 150), (149, 150), (149, 150), (120, 120), (120, 120)]
Media dos resultados MS: 1260.0

Instancia: prob_25_7.txt, 2025-05-05 17:52:02

Resultado BRKGA 1: 1260 [(150, 150), (146, 150), (114, 120), (149, 150), (150, 150), (150, 150), (120, 120), (119, 120), (150, 150)]
Resultado BRKGA 2: 1260 [(150, 150), (150, 150), (120, 120), (98, 100), (97, 100), (97, 100), (150, 150), (120, 120), (117, 120), (149, 150)]
Resultado BRKGA 3: 1260 [(149, 150), (147, 150), (150, 150), (120, 120), (119, 120), (150, 150), (147, 150), (149, 150), (117, 120)]
Media dos resultados MS: 1260.0

Instancia: prob_25_8.txt, 2025-05-05 17:59:32

Resultado BRKGA 1: 1260 [(149, 150), (99, 100), (119, 120), (119, 120), (150, 150), (97, 100), (150, 150), (120, 120), (99, 100), (148, 150)]
Resultado BRKGA 2: 1250 [(150, 150), (150, 150), (150, 150), (150, 150), (150, 150), (150, 150), [100, 100], (100, 100), (150, 150)]
Resultado BRKGA 3: 1260 [(147, 150), (150, 150), (147, 150), (120, 120), (150, 150), (120, 120), (117, 120), (150, 150), (149, 150)]
Media dos resultados MS: 1256.6666666666667

Instancia: prob_25_9.txt, 2025-05-05 18:06:43

Resultado BRKGA 1: 1350 [(150, 150), (120, 120), (100, 100), (116, 120), (120, 120), (120, 120), (150, 150), (100, 100), (148, 150), (118, 120), [98, 100]]
Resultado BRKGA 2: 1350 [(149, 150), (149, 150), (120, 120), (148, 150), (120, 120), (118, 120), (149, 150), (120, 120), (148, 150), (119, 120)]
Resultado BRKGA 3: 1350 [(120, 120), (120, 120), (149, 150), (120, 120), (148, 150), (149, 150), (118, 120), (150, 150), (150, 150), (116, 120)]
Media dos resultados MS: 1350.0

Instancia: prob_25_10.txt, 2025-05-05 18:07:00

Resultado BRKGA 1: 1370 [(150, 150), (100, 100), (150, 150), (150, 150), (149, 150), (149, 150), (150, 150), (120, 120), (145, 150), (100, 100)]
Resultado BRKGA 2: 1370 [(150, 150), (150, 150), (150, 150), (99, 100), (120, 120), (150, 150), (149, 150), (99, 100), (148, 150), (148, 150)]
Resultado BRKGA 3: 1370 [(149, 150), (120, 120), (150, 150), (149, 150), (149, 150), (150, 150), (150, 150), (150, 150), [96, 100], (100, 100)]
Media dos resultados MS: 1370.0

Instancia: prob_50_1.txt, 2025-05-05 18:07:12

Resultado BRKGA 1: 1940 [(120, 120), (120, 120), (100, 100), (150, 150), (149, 150), (120, 120), (120, 120), (100, 100), (118, 120), (120, 120), (150, 150), (150, 150), (150, 150), (149, 150), (118, 120)]
Resultado BRKGA 2: 1940 [(150, 150), (150, 150), (150, 150), (120, 120), (150, 150), (119, 120), (120, 120), (120, 120), (99, 100), (150, 150), (118, 120), (120, 120), (118, 120), (150, 150), [100, 100]]
Resultado BRKGA 3: 1940 [(150, 150), (100, 100), (100, 100), (120, 120), [100, 100], (149, 150), (150, 150), (100, 100), (150, 150), (100, 100), (118, 120), (149, 150), (150, 150), (149, 150), (149, 150)]
Media dos resultados MS: 1940.0

Instancia: prob_50_2.txt, 2025-05-05 18:07:47

Resultado BRKGA 1: 2210 [(150, 150), (150, 150), (120, 120), (150, 150), (150, 150), (150, 150), (100, 100), (150, 150), (149, 150), (150, 150), (149, 150), (150, 150), (100, 100), (120, 120), (147, 150), (118, 120)]
Resultado BRKGA 2: 2220 [(99, 100), (120, 120), (119, 120), (120, 120), (149, 150), (150, 150), (118, 120), (149, 150), (149, 150), [99, 100], (150, 150), (96, 100), (148, 150), (120, 120), (148, 150), (119, 120), (150, 150)]
Resultado BRKGA 3: 2220 [(117, 120), (119, 120), (150, 150), (100, 100), (150, 150), (118, 120), (149, 150), (150, 150), (99, 100), (120, 120), (120, 120), (149, 150), (150, 150), (149, 150), (120, 120), (146, 150), (97, 100)]
Media dos resultados MS: 2216.6666666666665

Instancia: prob_50_3.txt, 2025-05-05 18:14:35

Resultado BRKGA 1: 2720 [(120, 120), (149, 150), (120, 120), (118, 120), (150, 150), (100, 100), (150, 150), (150, 150), (118, 120), (148, 150), (144, 150), (149, 150), (150, 150), (120, 120), (148, 150), (150, 150), (97, 100), (149, 150), (120, 120), (150, 150)]
Resultado BRKGA 2: 2720 [(150, 150), (99, 100), (119, 120), (120, 120), (94, 100), (120, 120), (150, 150), (150, 150), (150, 150), (116, 120), (147, 150), (149, 150), (119, 120), (150, 150), (149, 150), (150, 150), (150, 150), (150, 150), (150, 150), (118, 120)]
Resultado BRKGA 3: 2730 [(99, 100), (120, 120), (147, 150), (149, 150), (149, 150), (117, 120), (150, 150), (150, 150), (150, 150), (150, 150), (149, 150), (150, 150), (114, 120), (95, 100), (149, 150), (150, 150), (150, 150), (147, 150), (120, 120), [95, 100]]
Media dos resultados MS: 2723.3333333333335

Instancia: prob_50_4.txt, 2025-05-05 18:22:05

Resultado BRKGA 1: 2530 [(100, 100), (100, 100), (100, 100), (150, 150), (150, 150), (120, 120), (116, 120), (120, 120), (120, 120), (120, 120), (149, 150), (120, 120), (150, 150), (119, 120), (119, 120), (149, 150), (149, 150), (120, 120), (150, 150), (98, 100)]
Resultado BRKGA 2: 2530 [(150, 150), (98, 100), (150, 150), (99, 100), (119, 120), (119, 120), (120, 120), (150, 150), (120, 120), (100, 100), (150, 150), (120, 120), (120, 120), (120, 120), (120, 120), (149, 150), (148, 150), (119, 120), (150, 150), (98, 100)]
Resultado BRKGA 3: 2540 [(117, 120), (120, 120), (150, 150), (120, 120), (100, 100), (119, 120), (149, 150), (120, 120), (119, 120), (150, 150), (148, 150), (100, 100), (150, 150), (146, 150), (150, 150), (149, 150), (120, 120), (149, 150), (143, 150)]
Media dos resultados MS: 2533.3333333333335

Instancia: prob_50_5.txt, 2025-05-05 18:29:35

Resultado BRKGA 1: 2610 [(148, 150), (150, 150), (149, 150), (118, 120), (149, 150), (146, 150), (120, 120), (120, 120), (119, 120), (120, 120), (98, 100), (120, 120), (150, 150), (120, 120), (150, 150), (99, 100), (145, 150), (148, 150), (119, 120), [100, 100]]
Resultado BRKGA 2: 2610 [(150, 150), [100, 100], (120, 120), (150, 150), (149, 150), (119, 120), (119, 120), (150, 150), (117, 120), (98, 100), (100, 100), (150, 150), (145, 150), (100, 100), (150, 150), (100, 100), (115, 120), (119, 120), (100, 100), (120, 120), (117, 120)]
Resultado BRKGA 3: 2610 [(150, 150), (120, 120), (119, 120), (120, 120), (148, 150), (150, 150), (118, 120), (150, 150), [100, 100], (116, 120), (150, 150), (120, 120), (120, 120), (99, 100), (100, 100), (150, 150), (147, 150), (147, 150), (148, 150), (116, 120)]
Media dos resultados MS: 2610.0

Instancia: prob_50_6.txt, 2025-05-05 18:37:05

Resultado BRKGA 1: 2330 [(100, 100), (120, 120), (100, 100), (118, 120), (120, 120), (149, 150), (150, 150), (99, 100), (150, 150), (100, 100), (150, 150), (149, 150), (149, 150), (94, 100), (119, 120), (150, 150), (150, 150), (149, 150)]
Resultado BRKGA 2: 2320 [(100, 100), (149, 150), (149, 150), (150, 150), (150, 150), (150, 150), (150, 150), (150, 150), (150, 150), (150, 150), (100, 100), (150, 150), (150, 150), (100, 100), (99, 100), (150, 150), (119, 120)]
Resultado BRKGA 3: 2330 [(150, 150), (150, 150), (150, 150), (150, 150), (119, 120), (119, 120), (100, 100), (150, 150), (150, 150), (120, 120), (120, 120), (147, 150), (99, 100), (150, 150), (150, 150), (142, 150), (150, 150)]
Media dos resultados MS: 2326.6666666666665

Instancia: prob_50_7.txt, 2025-05-05 18:43:48

Resultado BRKGA 1: 2500 [(100, 100), (149, 150), (150, 150), (147, 150), (120, 120), (148, 150), (150, 150), (149, 150), (100, 100), (150, 150), (150, 150), (150, 150), (119, 120), (148, 150), (100, 100), (118, 120), (98, 100), (120, 120), (120, 120)]
Resultado BRKGA 2: 2510 [(118, 120), (119, 120), (99, 100), (119, 120), (150, 150), (100, 100), (100, 100), (150, 150), (150, 150), (99, 100), (142, 150), (100, 100), (100, 100), (149, 150), (149, 150), (145, 150), (148, 150), (150, 150), (100, 100), [99, 100]]
Resultado BRKGA 3: 2500 [(120, 120), (119, 120), (150, 150), (150, 150), (149, 150), (149, 150), (119, 120), (149, 150), (150, 150), (148, 150), (149, 150), (150, 150), (146, 150), [99, 100], (149, 150), (120, 120), (120, 120), (150, 150)]
Media dos resultados MS: 2503.3333333333335

Instancia: prob_50_8.txt, 2025-05-05 18:51:18

Resultado BRKGA 1: 2740 [(149, 150), (149, 150), (119, 120), (150, 150), (100, 100), (119, 120), (149, 150), (117, 120), [99, 100], (120, 120), (120, 120), (150, 150), (148, 150), (149, 150), (119, 120), (150, 150), (150, 150), [93, 100], (99, 100), (149, 150), (119, 120)]
Resultado BRKGA 2: 2740 [(150, 150), (119, 120), (100, 100), (97, 100), (149, 150), (119, 120), (100, 100), (150, 150), (150, 150), (119, 120), [94, 100], (147, 150), [97, 100], (120, 120), (149, 150), (100, 100), (150, 150), [99, 100], (119, 120), (150, 150), (120, 120), (119, 120)]
Resultado BRKGA 3: 2740 [(150, 150), (145, 150), (120, 120), (149, 150), (118, 120), (150, 150), (120, 120), (100, 100), (120, 120), (119, 120), (120, 120), (148, 150), (99, 100), (150, 150), (150, 150), (150, 150), (149, 150), (146, 150), (100, 100), (114, 120), (100, 100)]
Media dos resultados MS: 2740.0

Instancia: prob_50_9.txt, 2025-05-05 18:58:48

Resultado BRKGA 1: 2150 [(149, 150), (150, 150), (150, 150), (119, 120), (148, 150), (150, 150), (149, 150), (150, 150), (120, 120), (149, 150), (119, 120), (99, 100), (120, 120), (119, 120), (99, 100), (150, 150)]
Resultado BRKGA 2: 2150 [(150, 150), (99, 100), (120, 120), (148, 150), (100, 100), (149, 150), (148, 150), (150, 150), (100, 100), (98, 100), (120, 120), (150, 150), (100, 100), (120, 120), (149, 150), (119, 120), (120, 120)]
Resultado BRKGA 3: 2150 [(150, 150), (149, 150), (149, 150), (150, 150), (148, 150), (120, 120), (118, 120), (150, 150), (150, 150), (100, 100), (148, 150), (148, 150), (100, 100), (120, 120), (120, 120), (120, 120)]
Media dos resultados MS: 2150.0

Instancia: prob_50_10.txt, 2025-05-05 19:06:18

Resultado BRKGA 1: 2650 [(149, 150), (150, 150), (116, 120), (120, 120), (120, 120), (120, 120), (148, 150), (150, 150), (148, 150), (146, 150), (150, 150), (113, 120), (149, 150), (149, 150), (147, 150), [97, 100], (150, 150), (149, 150), (150, 150)]
Resultado BRKGA 2: 2650 [(117, 120), (150, 150), (149, 150), (120, 120), (150, 150), (117, 120), (149, 150), (119, 120), (100, 100), (99, 100), (119, 120), (119, 120), (100, 100), (120, 120), (100, 100), (114, 120), (118, 120), (150, 150), (100, 100), (96, 100), (118, 120), (97, 100)]
Resultado BRKGA 3: 2650 [(150, 150), (118, 120), (150, 150), (100, 100), (113, 120), (148, 150), (100, 100), (148, 150), (149, 150), (150, 150), (100, 100), (119, 120), (150, 150), (150, 150), (146, 150), (119, 120), (116, 120), (146, 150), (149, 150), (100, 100)]
Media dos resultados MS: 2650.0

Instancia: prob_100_1.txt, 2025-05-05 19:13:48

Resultado BRKGA 1: 4900 [(100, 100), (150, 150), (150, 150), (100, 100), (150, 150), (150, 150), (120, 120), (100, 100), (148, 150), (99, 100), (97, 100), (120, 120), (119, 120), (118, 120), (149, 150), (150, 150), (147, 150), (150, 150), (150, 150), (149, 150), (150, 150), [99, 100], (149, 150), (149, 150), (120, 120), (100, 100), (100, 100), (118, 120), (116, 120), (149, 150), (99, 100), [97, 100], (117, 120), (149, 150), (118, 120), (150, 150), (119, 120), (150, 150)]
Resultado BRKGA 2: 4900 [(150, 150), (120, 120), (147, 150), (150, 150), (118, 120), (120, 120), (150, 150), (150, 150), (149, 150), (150, 150), (150, 150), (150, 150), (150, 150), (120, 120), (150, 150), [98, 100], (96, 100), (99, 100), (150, 150), (150, 150), (150, 150), (120, 120), (117, 120), (150, 150), (118, 120), (150, 150), (119, 120), (149, 150), (98, 100), (98, 100), (149, 150), (100, 100), (150, 150), (98, 100), (117, 120), (150, 150), (115, 120)]
Resultado BRKGA 3: 4890 [(100, 100), (119, 120), (120, 120), (150, 150), (100, 100), (150, 150), (150, 150), (150, 150), (120, 120), (119, 120), (150, 150), (100, 100), (150, 150), (150, 150), (149, 150), (100, 100), (150, 150), (150, 150), (98, 100), (118, 120), (150, 150), (118, 120), (148, 150), (149, 150), (99, 100), [98, 100], (119, 120), (120, 120), (150, 150), (120, 120), [99, 100], (148, 150), (117, 120), (149, 150), (120, 120), (99, 100), (150, 150), (119, 120)]
Media dos resultados MS: 4896.666666666667

Instancia: prob_100_2.txt, 2025-05-05 19:21:18

Resultado BRKGA 1: 5480 [(100, 100), (146, 150), [97, 100], (97, 100), (150, 150), (120, 120), (96, 100), (100, 100), (100, 100), (95, 100), (100, 100), (120, 120), (149, 150), (99, 100), (145, 150), (148, 150), (148, 150), (150, 150), (148, 150), (150, 150), (148, 150), (99, 100), (100, 100), (120, 120), (150, 150), (150, 150), (149, 150), (117, 120), (149, 150), (120, 120), (150, 150), (120, 120), (149, 150), (150, 150), [97, 100], (120, 120), (150, 150), (117, 120), (118, 120), (150, 150), (147, 150), (100, 100), (100, 100)]
Resultado BRKGA 2: 5490 [(120, 120), (119, 120), (100, 100), (118, 120), (149, 150), (150, 150), (119, 120), (150, 150), (116, 120), (118, 120), (149, 150), (145, 150), (150, 150), (120, 120), (118, 120), (119, 120), (149, 150), (117, 120), (119, 120), (145, 150), (149, 150), (117, 120), (149, 150), (148, 150), (118, 120), (149, 150), (150, 150), (150, 150), (146, 150), (100, 100), (119, 120), (119, 120), (98, 100), (120, 120), (150, 150), (97, 100), (149, 150), (150, 150), (115, 120), [97, 100], (99, 100), (149, 150)]
Resultado BRKGA 3: 5480 [(117, 120), (150, 150), (120, 120), (100, 100), (100, 100), (149, 150), (120, 120), (149, 150), (119, 120), (120, 120), (145, 150), (100, 100), (150, 150), (150, 150), (149, 150), (118, 120), (118, 120), (150, 150), (100, 100), (119, 120), [99, 100], (120, 120), (149, 150), (119, 120), (99, 100), (118, 120), (149, 150), (120, 120), (150, 150), (117, 120), (146, 150), (147, 150), (119, 120), (148, 150), (150, 150), (150, 150), (146, 150), (150, 150), (150, 150), (144, 150), [97, 100], (98, 100)]
Media dos resultados MS: 5483.333333333333

Instancia: prob_100_3.txt, 2025-05-05 19:28:49

Resultado BRKGA 1: 5180 [(150, 150), (100, 100), (120, 120), (150, 150), [100, 100], (120, 120), (150, 150), (120, 120), (100, 100), (150, 150), (148, 150), (150, 150), (100, 100), (150, 150), (118, 120), (119, 120), (147, 150), (150, 150), (149, 150), (98, 100), (114, 120), (119, 120), (120, 120), (99, 100), (149, 150), (120, 120), (116, 120), (147, 150), (150, 150), (120, 120), (118, 120), (150, 150), (100, 100), (118, 120), (150, 150), (117, 120), (100, 100), (149, 150), (144, 150), (149, 150)]
Resultado BRKGA 2: 5190 [(150, 150), (149, 150), (100, 100), (119, 120), (149, 150), (120, 120), (150, 150), (120, 120), (120, 120), (148, 150), (120, 120), (120, 120), (148, 150), (119, 120), (143, 150), (92, 100), (150, 150), (119, 120), (100, 100), (117, 120), (149, 150), (149, 150), (150, 150), (117, 120), (118, 120), (119, 120), (150, 150), (119, 120), [99, 100], (99, 100), (100, 100), (99, 100), (114, 120), (150, 150), (100, 100), (120, 120), (150, 150), (99, 100), (149, 150), (117, 120), (118, 120)]
Resultado BRKGA 3: 5180 [(149, 150), (99, 100), (120, 120), (100, 100), (149, 150), (150, 150), (149, 150), (100, 100), (94, 100), (150, 150), (148, 150), (150, 150), [99, 100], (99, 100), (120, 120), (116, 120), (120, 120), (120, 120), (117, 120), (119, 120), (120, 120), (120, 120), (99, 100), (100, 100), (100, 100), (149, 150), (118, 120), (119, 120), (145, 150), (118, 120), (119, 120), (100, 100), (100, 100), (120, 120), (119, 120), (120, 120), (100, 100), [100, 100], (114, 120), (150, 150), (120, 120), (120, 120), [100, 100]]
Media dos resultados MS: 5183.333333333333

Instancia: prob_100_4.txt, 2025-05-05 19:36:19

Resultado BRKGA 1: 5220 [(99, 100), (95, 100), (100, 100), (120, 120), (147, 150), (147, 150), (120, 120), (146, 150), (149, 150), (148, 150), (118, 120), (117, 120), (150, 150), (149, 150), (100, 100), (96, 100), (149, 150), (98, 100), (150, 150), (150, 150), (120, 120), (120, 120), (117, 120), (120, 120), (149, 150), (100, 100), (120, 120), (120, 120), (100, 100), (119, 120), (120, 120), (119, 120), (119, 120), (147, 150), (100, 100), (148, 150), (99, 100), (120, 120), [96, 100], (99, 100), (146, 150), (117, 120)]
Resultado BRKGA 2: 5230 [(99, 100), (150, 150), (150, 150), (150, 150), (100, 100), (120, 120), (149, 150), (118, 120), (96, 100), (148, 150), (120, 120), (120, 120), (100, 100), (120, 120), (146, 150), [98, 100], (99, 100), (99, 100), (119, 120), (150, 150), (146, 150), (119, 120), (92, 100), (149, 150), (149, 150), (119, 120), (99, 100), (148, 150), (114, 120), (118, 120), (99, 100), (149, 150), (119, 120), (143, 150), (149, 150), (119, 120), (145, 150), (147, 150), (120, 120), (149, 150), (120, 120)]
Resultado BRKGA 3: 5220 [(120, 120), (100, 100), (100, 100), (120, 120), (143, 150), (148, 150), (145, 150), (120, 120), (116, 120), (99, 100), (119, 120), (118, 120), (97, 100), (119, 120), (120, 120), (149, 150), (120, 120), (142, 150), (120, 120), (98, 100), (100, 100), (100, 100), (147, 150), (119, 120), (149, 150), (120, 120), (150, 150), (147, 150), (149, 150), (150, 150), (149, 150), (119, 120), (148, 150), (120, 120), (119, 120), (97, 100), (149, 150), (119, 120), (100, 100), (149, 150), (150, 150)]
Media dos resultados MS: 5223.333333333333

Instancia: prob_100_5.txt, 2025-05-05 19:43:49

Resultado BRKGA 1: 4990 [(150, 150), (149, 150), (119, 120), (100, 100), (150, 150), (150, 150), (98, 100), (100, 100), (146, 150), (100, 100), (150, 150), (119, 120), (119, 120), (118, 120), (118, 120), (100, 100), (150, 150), (120, 120), (119, 120), (118, 120), (150, 150), (150, 150), (97, 100), (120, 120), (150, 150), (100, 100), (149, 150), (149, 150), (149, 150), (150, 150), (120, 120), (119, 120), (150, 150), (148, 150), (147, 150), (150, 150), (150, 150), (119, 120)]
Resultado BRKGA 2: 4990 [(120, 120), (150, 150), (100, 100), [100, 100], (100, 100), (150, 150), (120, 120), (100, 100), (120, 120), (120, 120), (98, 100), (97, 100), (120, 120), (119, 120), (99, 100), (120, 120), (96, 100), (100, 100), (100, 100), (100, 100), (150, 150), (119, 120), (120, 120), (150, 150), (149, 150), (120, 120), (120, 120), (120, 120), (149, 150), (147, 150), (149, 150), (120, 120), (120, 120), (149, 150), (98, 100), (116, 120), (100, 100), (149, 150), (116, 120), (120, 120), (150, 150)]
Resultado BRKGA 3: 4990 [(150, 150), (150, 150), (150, 150), (120, 120), (150, 150), (120, 120), (149, 150), (116, 120), (120, 120), (149, 150), (149, 150), [100, 100], (113, 120), (120, 120), (120, 120), (120, 120), (150, 150), (150, 150), (150, 150), (150, 150), (118, 120), (98, 100), (116, 120), (98, 100), (100, 100), (120, 120), (150, 150), (100, 100), (119, 120), (120, 120), (119, 120), (118, 120), (100, 100), (120, 120), (119, 120), (100, 100), (100, 100), (100, 100), (99, 100), (150, 150)]
Media dos resultados MS: 4990.0

Instancia: prob_100_6.txt, 2025-05-05 19:51:20

Resultado BRKGA 1: 5200 [(98, 100), (148, 150), (120, 120), (120, 120), (100, 100), (120, 120), (150, 150), (119, 120), (149, 150), (120, 120), (100, 100), (150, 150), (120, 120), (150, 150), [100, 100], (100, 100), (97, 100), (150, 150), [98, 100], (118, 120), (150, 150), (100, 100), [99, 100], (99, 100), (117, 120), (99, 100), (95, 100), (150, 150), (150, 150), (150, 150), (95, 100), (100, 100), (100, 100), (149, 150), (149, 150), (99, 100), (118, 120), (148, 150), (148, 150), (117, 120), (147, 150), (148, 150)]
Resultado BRKGA 2: 5190 [(120, 120), (100, 100), (150, 150), (100, 100), (150, 150), (120, 120), (150, 150), (150, 150), (120, 120), (100, 100), (119, 120), (150, 150), (120, 120), (120, 120), (150, 150), (120, 120), (120, 120), (119, 120), (149, 150), (150, 150), (150, 150), (100, 100), (150, 150), (150, 150), (100, 100), (147, 150), (120, 120), (149, 150), (98, 100), [98, 100], (120, 120), (97, 100), (96, 100), (120, 120), (120, 120), (148, 150), (149, 150), (109, 120), (120, 120), (118, 120), (118, 120)]
Resultado BRKGA 3: 5200 [(150, 150), (150, 150), (100, 100), (150, 150), (150, 150), (120, 120), (150, 150), (120, 120), (120, 120), (120, 120), (100, 100), (100, 100), (150, 150), (98, 100), (149, 150), (148, 150), (150, 150), [99, 100], (120, 120), (110, 120), (120, 120), (100, 100), (147, 150), (146, 150), (149, 150), (146, 150), (120, 120), (98, 100), (150, 150), (99, 100), (117, 120), (148, 150), (120, 120), (98, 100), (149, 150), (150, 150), (147, 150), (147, 150), (150, 150), (99, 100)]
Media dos resultados MS: 5196.666666666667

Instancia: prob_100_7.txt, 2025-05-05 19:58:50

Resultado BRKGA 1: 4790 [(150, 150), (148, 150), (150, 150), (100, 100), (150, 150), (150, 150), (120, 120), [99, 100], (150, 150), (100, 100), (150, 150), (150, 150), (150, 150), (100, 100), (149, 150), (150, 150), (116, 120), (120, 120), (119, 120), (100, 100), (120, 120), (118, 120), (149, 150), (99, 100), (120, 120), (100, 100), (120, 120), (144, 150), (119, 120), (150, 150), (149, 150), (120, 120), (99, 100), (150, 150), (116, 120), (120, 120), (149, 150)]
Resultado BRKGA 2: 4800 [(120, 120), (100, 100), (148, 150), (150, 150), (100, 100), (150, 150), (150, 150), (120, 120), (100, 100), (118, 120), (118, 120), (100, 100), (120, 120), (120, 120), (120, 120), (149, 150), (120, 120), (120, 120), (120, 120), (149, 150), (119, 120), (100, 100), (148, 150), (150, 150), (120, 120), (150, 150), (95, 100), (100, 100), (150, 150), (119, 120), (97, 100), (118, 120), (148, 150), (93, 100), (150, 150), (98, 100), (100, 100), (116, 120), (100, 100)]
Resultado BRKGA 3: 4800 [(150, 150), (150, 150), (120, 120), (150, 150), (99, 100), (120, 120), (100, 100), (100, 100), (147, 150), (150, 150), (99, 100), (100, 100), (147, 150), (120, 120), (150, 150), (100, 100), (149, 150), (99, 100), (100, 100), (148, 150), (120, 120), (150, 150), (117, 120), (97, 100), (149, 150), (119, 120), (99, 100), (150, 150), (97, 100), (149, 150), (97, 100), [99, 100], (98, 100), (150, 150), (116, 120), (100, 100), (120, 120), (120, 120), (118, 120)]
Media dos resultados MS: 4796.666666666667

Instancia: prob_100_8.txt, 2025-05-05 20:06:20

Resultado BRKGA 1: 4860 [(150, 150), (147, 150), (150, 150), (150, 150), (150, 150), (150, 150), (120, 120), (150, 150), (100, 100), (120, 120), (99, 100), (150, 150), (120, 120), (119, 120), (150, 150), (150, 150), (100, 100), (120, 120), (150, 150), (120, 120), (96, 100), (120, 120), (119, 120), (120, 120), (100, 100), (117, 120), (100, 100), (118, 120), (100, 100), (150, 150), (100, 100), (150, 150), (150, 150), (120, 120), [97, 100], (100, 100), [100, 100], [100, 100], (118, 120)]
Resultado BRKGA 2: 4870 [(149, 150), (99, 100), [100, 100], (120, 120), (120, 120), (120, 120), (150, 150), (120, 120), (120, 120), (118, 120), (142, 150), (150, 150), (150, 150), (100, 100), (150, 150), (148, 150), (150, 150), (117, 120), (120, 120), (149, 150), [97, 100], (150, 150), (119, 120), (120, 120), (119, 120), (120, 120), (120, 120), (100, 100), (100, 100), (120, 120), (148, 150), (150, 150), (100, 100), (99, 100), (98, 100), (150, 150), (119, 120), (119, 120), (100, 100)]
Resultado BRKGA 3: 4880 [(150, 150), (100, 100), (150, 150), (120, 120), (119, 120), (150, 150), (120, 120), (150, 150), (100, 100), (150, 150), (120, 120), (150, 150), (100, 100), (147, 150), (149, 150), (116, 120), (148, 150), (150, 150), (150, 150), (149, 150), (114, 120), (149, 150), (120, 120), (119, 120), (100, 100), (149, 150), (120, 120), (120, 120), (149, 150), (119, 120), (118, 120), (117, 120), (146, 150), (94, 100), (119, 120), (150, 150), (149, 150)]
Media dos resultados MS: 4870.0

Instancia: prob_100_9.txt, 2025-05-05 20:13:50

Resultado BRKGA 1: 5140 [(149, 150), (119, 120), (120, 120), (120, 120), (144, 150), (99, 100), (120, 120), (96, 100), (150, 150), (150, 150), (100, 100), (120, 120), (120, 120), (98, 100), (98, 100), (150, 150), (100, 100), (120, 120), (100, 100), [100, 100], (150, 150), (150, 150), (150, 150), (144, 150), (145, 150), (148, 150), [100, 100], (100, 100), (119, 120), (100, 100), (117, 120), (98, 100), (147, 150), (118, 120), (100, 100), (148, 150), (148, 150), (119, 120), (150, 150), (120, 120), (147, 150)]
Resultado BRKGA 2: 5140 [(116, 120), (120, 120), (100, 100), (150, 150), (98, 100), (150, 150), (150, 150), (100, 100), (147, 150), (150, 150), (149, 150), (150, 150), (150, 150), (147, 150), (118, 120), (118, 120), (150, 150), (148, 150), (99, 100), (148, 150), (150, 150), (100, 100), (118, 120), (120, 120), (145, 150), (149, 150), (149, 150), (118, 120), (117, 120), (120, 120), (119, 120), (150, 150), (100, 100), (144, 150), (150, 150), (120, 120), (145, 150), (119, 120), [100, 100]]
Resultado BRKGA 3: 5150 [(117, 120), (150, 150), (150, 150), (94, 100), (150, 150), (150, 150), (146, 150), (120, 120), (120, 120), (150, 150), (147, 150), (150, 150), (150, 150), (120, 120), (99, 100), (119, 120), (149, 150), (117, 120), (150, 150), (148, 150), (146, 150), (149, 150), (98, 100), (147, 150), (143, 150), (148, 150), (150, 150), (117, 120), (100, 100), (148, 150), (148, 150), [100, 100], (150, 150), (119, 120), (100, 100), (100, 100), (94, 100), (120, 120), (118, 120)]
Media dos resultados MS: 5143.333333333333

Instancia: prob_100_10.txt, 2025-05-05 20:21:21

Resultado BRKGA 1: 4660 [(120, 120), (120, 120), (150, 150), (120, 120), (99, 100), (149, 150), (120, 120), (148, 150), (120, 120), (150, 150), (120, 120), (120, 120), (99, 100), (149, 150), (150, 150), (119, 120), (150, 150), (120, 120), (99, 100), (150, 150), (100, 100), (148, 150), (150, 150), (120, 120), (147, 150), (120, 120), (149, 150), (116, 120), (150, 150), (100, 100), (99, 100), (149, 150), (119, 120), (149, 150), (150, 150), (97, 100)]
Resultado BRKGA 2: 4660 [(120, 120), (120, 120), (120, 120), (119, 120), (120, 120), (150, 150), (99, 100), (150, 150), (100, 100), (99, 100), (118, 120), (150, 150), (149, 150), (150, 150), (119, 120), (120, 120), (95, 100), (100, 100), (120, 120), (150, 150), (150, 150), (120, 120), (119, 120), (120, 120), (118, 120), [100, 100], (100, 100), (116, 120), [100, 100], (119, 120), (98, 100), (120, 120), (120, 120), (150, 150), (118, 120), (99, 100), (150, 150), (150, 150)]
Resultado BRKGA 3: 4660 [(100, 100), (150, 150), (100, 100), (150, 150), (100, 100), (120, 120), (120, 120), (99, 100), (119, 120), (116, 120), (120, 120), (100, 100), (148, 150), (120, 120), (150, 150), (150, 150), (150, 150), (120, 120), (119, 120), (148, 150), (119, 120), (98, 100), (150, 150), (149, 150), (120, 120), (98, 100), (99, 100), [100, 100], (118, 120), (150, 150), (120, 120), (149, 150), (100, 100), (99, 100), (99, 100), (100, 100), (148, 150), (120, 120)]
Media dos resultados MS: 4660.0

Instancia: prob_200_1.txt, 2025-05-05 20:28:51

Resultado BRKGA 1: 11030 [(150, 150), (150, 150), (100, 100), (148, 150), (145, 150), (119, 120), (120, 120), (120, 120), (148, 150), (100, 100), (150, 150), (98, 100), (120, 120), (119, 120), (120, 120), [98, 100], (120, 120), (150, 150), (120, 120), (119, 120), (118, 120), (120, 120), (150, 150), (99, 100), (150, 150), (119, 120), (149, 150), (150, 150), (119, 120), (118, 120), (120, 120), (148, 150), (150, 150), (149, 150), (120, 120), (148, 150), (117, 120), (150, 150), (97, 100), (100, 100), (150, 150), (120, 120), (99, 100), (100, 100), (150, 150), (117, 120), (120, 120), (100, 100), (144, 150), (100, 100), (98, 100), (149, 150), (100, 100), (120, 120), (147, 150), (113, 120), [91, 100], (150, 150), (144, 150), (119, 120), (147, 150), (120, 120), (100, 100), (150, 150), (150, 150), (150, 150), (100, 100), (100, 100), (149, 150), (141, 150), (100, 100), (120, 120), (96, 100), (98, 100), (148, 150), (150, 150), (117, 120), (150, 150), (115, 120), (149, 150), (144, 150), (150, 150), (118, 120), (149, 150), (120, 120), (140, 150)]
Resultado BRKGA 2: 11020 [(100, 100), (100, 100), (120, 120), (99, 100), (150, 150), (119, 120), (120, 120), (120, 120), (146, 150), (150, 150), (100, 100), (120, 120), (150, 150), (119, 120), (119, 120), (120, 120), (120, 120), (120, 120), (150, 150), (100, 100), (120, 120), (149, 150), (117, 120), (120, 120), (120, 120), (120, 120), (115, 120), (120, 120), (150, 150), (119, 120), (148, 150), (100, 100), (150, 150), (149, 150), (148, 150), (150, 150), (150, 150), (118, 120), (119, 120), (150, 150), (119, 120), (149, 150), (97, 100), (119, 120), (148, 150), (120, 120), (147, 150), (115, 120), (150, 150), (120, 120), (100, 100), [98, 100], (98, 100), (150, 150), (97, 100), (150, 150), (144, 150), (150, 150), (117, 120), (98, 100), (149, 150), (146, 150), (150, 150), (149, 150), (112, 120), (150, 150), (119, 120), (97, 100), (99, 100), (150, 150), (118, 120), (148, 150), (147, 150), (147, 150), (150, 150), (120, 120), (147, 150), (148, 150), (146, 150), (149, 150), [99, 100], [93, 100], (120, 120), (147, 150), (147, 150)]
Resultado BRKGA 3: 11010 [(100, 100), (150, 150), (120, 120), (120, 120), (150, 150), (100, 100), (150, 150), (120, 120), (111, 120), (100, 100), (100, 100), (150, 150), (100, 100), (120, 120), (149, 150), (120, 120), (120, 120), (119, 120), (149, 150), (119, 120), (100, 100), (120, 120), (100, 100), (119, 120), (119, 120), (100, 100), (150, 150), (120, 120), (120, 120), (118, 120), (119, 120), [99, 100], (118, 120), (119, 120), (100, 100), (111, 120), (149, 150), (148, 150), (120, 120), (120, 120), (94, 100), (118, 120), (118, 120), (150, 150), (120, 120), (150, 150), (120, 120), (120, 120), (149, 150), (120, 120), (100, 100), (100, 100), [100, 100], (117, 120), (149, 150), (118, 120), (118, 120), (150, 150), (99, 100), (120, 120), (150, 150), (116, 120), (99, 100), (148, 150), (99, 100), (119, 120), (115, 120), (150, 150), (120, 120), (117, 120), (150, 150), (119, 120), [97, 100], (120, 120), (118, 120), (119, 120), (116, 120), (148, 150), [94, 100], (98, 100), (97, 100), (98, 100), (120, 120), (100, 100), (99, 100), (118, 120), (149, 150), (149, 150), (149, 150), (150, 150)]
Media dos resultados MS: 11020.0

Instancia: prob_200_2.txt, 2025-05-05 20:36:22

Resultado BRKGA 1: 10380 [(120, 120), (150, 150), (120, 120), (149, 150), (150, 150), (119, 120), (120, 120), (150, 150), (149, 150), (100, 100), (100, 100), (98, 100), (119, 120), (98, 100), (99, 100), (150, 150), (120, 120), (100, 100), (120, 120), (120, 120), [99, 100], (118, 120), (149, 150), (120, 120), (150, 150), (98, 100), (99, 100), (100, 100), (99, 100), (120, 120), (100, 100), (149, 150), (145, 150), (100, 100), (120, 120), (100, 100), (120, 120), (97, 100), (120, 120), (118, 120), (118, 120), (99, 100), (119, 120), (150, 150), (120, 120), (119, 120), (118, 120), (148, 150), (150, 150), (100, 100), (98, 100), (120, 120), (120, 120), (100, 100), (150, 150), (120, 120), (118, 120), (120, 120), (150, 150), (150, 150), (145, 150), (119, 120), (99, 100), (150, 150), (149, 150), (148, 150), (113, 120), (117, 120), (118, 120), [99, 100], (149, 150), (120, 120), (150, 150), (141, 150), (113, 120), (150, 150), (117, 120), (120, 120), (115, 120), (150, 150), (148, 150), (150, 150), (145, 150)]
Resultado BRKGA 2: 10370 [(150, 150), (150, 150), (120, 120), (100, 100), (120, 120), (150, 150), (100, 100), (100, 100), (120, 120), (119, 120), (98, 100), (150, 150), (150, 150), (100, 100), (150, 150), (120, 120), (100, 100), (119, 120), (99, 100), (149, 150), (120, 120), (115, 120), (120, 120), (99, 100), (118, 120), (100, 100), (150, 150), (120, 120), (150, 150), (120, 120), [99, 100], (119, 120), (120, 120), (120, 120), (148, 150), (99, 100), (100, 100), (149, 150), (120, 120), (98, 100), [94, 100], (148, 150), (148, 150), (100, 100), (99, 100), (118, 120), (117, 120), (118, 120), (149, 150), (148, 150), (148, 150), (120, 120), (119, 120), (119, 120), (120, 120), (149, 150), (120, 120), (149, 150), (99, 100), (147, 150), (149, 150), (116, 120), (150, 150), (99, 100), (146, 150), (118, 120), (120, 120), (150, 150), (117, 120), (120, 120), (115, 120), (99, 100), (116, 120), (150, 150), [98, 100], (150, 150), (100, 100), (99, 100), (150, 150), (149, 150), (98, 100), (150, 150), (148, 150)]
Resultado BRKGA 3: 10380 [(150, 150), (119, 120), (120, 120), (120, 120), (100, 100), (120, 120), (150, 150), (120, 120), (100, 100), (100, 100), (120, 120), (100, 100), (100, 100), (120, 120), (100, 100), (120, 120), (150, 150), (120, 120), (149, 150), (150, 150), (120, 120), (150, 150), (148, 150), (100, 100), (150, 150), (119, 120), (100, 100), (120, 120), (99, 100), (120, 120), (150, 150), (120, 120), (98, 100), (116, 120), (150, 150), (99, 100), (100, 100), (149, 150), (100, 100), (150, 150), (150, 150), (118, 120), (118, 120), (148, 150), (112, 120), (142, 150), (119, 120), (100, 100), (150, 150), (97, 100), (149, 150), (120, 120), (148, 150), [99, 100], (149, 150), (100, 100), (119, 120), (98, 100), (120, 120), (96, 100), (100, 100), (119, 120), (119, 120), (99, 100), [99, 100], (118, 120), (115, 120), (147, 150), (120, 120), (120, 120), (100, 100), (98, 100), (93, 100), (150, 150), (150, 150), (147, 150), [99, 100], (149, 150), (120, 120), (150, 150), (148, 150), (150, 150), (144, 150), (92, 100)]
Media dos resultados MS: 10376.666666666666

Instancia: prob_200_3.txt, 2025-05-05 20:43:52

Resultado BRKGA 1: 10250 [(100, 100), (120, 120), (150, 150), (119, 120), (119, 120), (120, 120), (119, 120), (117, 120), (120, 120), (150, 150), (150, 150), (99, 100), (150, 150), (149, 150), (118, 120), (146, 150), (150, 150), (150, 150), (117, 120), (100, 100), (149, 150), (100, 100), (149, 150), (150, 150), (119, 120), (99, 100), (120, 120), (119, 120), (99, 100), (100, 100), (100, 100), (100, 100), (150, 150), (100, 100), (120, 120), (120, 120), (99, 100), (150, 150), (150, 150), (119, 120), (149, 150), (120, 120), (150, 150), (120, 120), (118, 120), (148, 150), (145, 150), (99, 100), (149, 150), (117, 120), (115, 120), (100, 100), (149, 150), (120, 120), (119, 120), [96, 100], (120, 120), (146, 150), [99, 100], (99, 100), (97, 100), (100, 100), (100, 100), (148, 150), (120, 120), (149, 150), (116, 120), [99, 100], (148, 150), [98, 100], (100, 100), (100, 100), (118, 120), (120, 120), (150, 150), (149, 150), (112, 120), (119, 120), (113, 120), (148, 150), (148, 150), (138, 150)]
Resultado BRKGA 2: 10250 [(120, 120), (150, 150), (119, 120), (120, 120), (120, 120), (98, 100), (150, 150), (150, 150), (119, 120), (150, 150), (100, 100), (148, 150), (99, 100), (96, 100), (150, 150), (100, 100), (120, 120), (100, 100), (149, 150), (150, 150), [92, 100], (147, 150), (120, 120), (120, 120), (120, 120), (120, 120), (99, 100), (98, 100), (117, 120), (100, 100), (150, 150), (149, 150), (100, 100), (150, 150), (120, 120), (93, 100), (120, 120), [100, 100], (100, 100), (150, 150), (100, 100), (120, 120), (100, 100), (120, 120), (150, 150), (119, 120), (147, 150), (147, 150), (149, 150), (148, 150), (115, 120), (148, 150), (146, 150), (149, 150), (149, 150), (147, 150), (98, 100), (114, 120), (150, 150), (148, 150), (97, 100), (150, 150), (150, 150), (116, 120), (147, 150), (117, 120), (115, 120), (119, 120), (118, 120), (119, 120), (100, 100), (147, 150), (120, 120), (100, 100), (120, 120), (148, 150), (118, 120), (118, 120), (119, 120), (150, 150), (118, 120)]
Resultado BRKGA 3: 10240 [(150, 150), (150, 150), (150, 150), (147, 150), (150, 150), (100, 100), (100, 100), (150, 150), (99, 100), (120, 120), (99, 100), (120, 120), (99, 100), (149, 150), (119, 120), (148, 150), (120, 120), (149, 150), (150, 150), (120, 120), (120, 120), (120, 120), (100, 100), (120, 120), (119, 120), (98, 100), (149, 150), (150, 150), (99, 100), (119, 120), (119, 120), [100, 100], (148, 150), (120, 120), (120, 120), (99, 100), [98, 100], (150, 150), (99, 100), (118, 120), (120, 120), (116, 120), (98, 100), (149, 150), (119, 120), (146, 150), (120, 120), (100, 100), [99, 100], (116, 120), (115, 120), (120, 120), (116, 120), (145, 150), (150, 150), (120, 120), (99, 100), (100, 100), (98, 100), (148, 150), (119, 120), (100, 100), (120, 120), (98, 100), (119, 120), (100, 100), (99, 100), (120, 120), (146, 150), (99, 100), (120, 120), (120, 120), (150, 150), (142, 150), (120, 120), (120, 120), (148, 150), (92, 100), (150, 150), (119, 120), (150, 150), (145, 150), [99, 100]]
Media dos resultados MS: 10246.666666666666

Instancia: prob_200_4.txt, 2025-05-05 20:51:23

Resultado BRKGA 1: 10180 [(120, 120), (148, 150), (98, 100), (150, 150), (120, 120), (147, 150), (148, 150), (118, 120), (150, 150), (150, 150), (120, 120), (100, 100), (150, 150), (120, 120), (115, 120), (117, 120), (120, 120), (150, 150), (148, 150), (118, 120), (150, 150), (117, 120), (150, 150), (119, 120), (147, 150), (119, 120), (150, 150), (120, 120), (150, 150), (120, 120), (119, 120), (100, 100), (98, 100), (149, 150), (118, 120), (145, 150), (120, 120), (99, 100), (118, 120), (100, 100), (100, 100), (100, 100), (149, 150), (119, 120), (119, 120), (120, 120), (149, 150), (149, 150), (149, 150), (120, 120), (100, 100), (146, 150), (149, 150), (150, 150), (119, 120), (100, 100), (119, 120), (117, 120), (147, 150), (150, 150), (116, 120), (99, 100), (99, 100), (100, 100), (150, 150), (99, 100), (120, 120), (150, 150), (100, 100), (150, 150), (120, 120), (97, 100), (100, 100), (148, 150), (150, 150), (119, 120), (99, 100), (148, 150), (144, 150), (98, 100)]
Resultado BRKGA 2: 10190 [(150, 150), (150, 150), (150, 150), (120, 120), (100, 100), (120, 120), (150, 150), (147, 150), (150, 150), (148, 150), (97, 100), (120, 120), (120, 120), (150, 150), (117, 120), (120, 120), (120, 120), (100, 100), (148, 150), (100, 100), (150, 150), (97, 100), (120, 120), (119, 120), (120, 120), (147, 150), (98, 100), (99, 100), (119, 120), (120, 120), (149, 150), (150, 150), (118, 120), (150, 150), (148, 150), (100, 100), (149, 150), (119, 120), (119, 120), (118, 120), (98, 100), (149, 150), (120, 120), (145, 150), (100, 100), (150, 150), [100, 100], (150, 150), (120, 120), (149, 150), (150, 150), (118, 120), (150, 150), (98, 100), (117, 120), (147, 150), (148, 150), (149, 150), (118, 120), (100, 100), (100, 100), (118, 120), (150, 150), (150, 150), (144, 150), (116, 120), (97, 100), (118, 120), (120, 120), (118, 120), (118, 120), (118, 120), (119, 120), (117, 120), (120, 120), (113, 120), (146, 150), (100, 100), (148, 150), (100, 100)]
Resultado BRKGA 3: 10190 [(120, 120), (120, 120), (150, 150), (97, 100), (118, 120), (150, 150), (150, 150), (120, 120), (116, 120), (150, 150), (150, 150), (120, 120), (100, 100), (117, 120), (100, 100), (145, 150), [96, 100], (117, 120), (146, 150), (120, 120), (99, 100), (97, 100), [100, 100], (100, 100), (149, 150), (100, 100), (100, 100), (120, 120), (149, 150), (119, 120), (120, 120), (147, 150), (147, 150), (150, 150), (117, 120), (146, 150), (120, 120), (119, 120), (119, 120), (98, 100), (149, 150), (100, 100), (119, 120), (149, 150), (150, 150), (149, 150), (115, 120), (119, 120), (150, 150), (100, 100), (150, 150), (100, 100), (98, 100), (150, 150), (149, 150), (100, 100), (100, 100), (150, 150), (149, 150), [98, 100], (118, 120), (119, 120), (120, 120), (118, 120), (150, 150), (99, 100), (150, 150), (120, 120), (147, 150), (98, 100), (149, 150), (98, 100), (146, 150), (98, 100), (118, 120), (119, 120), (119, 120), (150, 150), (150, 150), (150, 150), (94, 100)]
Media dos resultados MS: 10186.666666666666

Instancia: prob_200_5.txt, 2025-05-05 20:58:54

Resultado BRKGA 1: 9980 [(120, 120), (150, 150), (99, 100), (147, 150), (99, 100), (119, 120), (149, 150), (119, 120), (120, 120), (150, 150), (150, 150), (150, 150), (117, 120), (120, 120), (149, 150), (119, 120), (119, 120), (120, 120), (150, 150), (100, 100), (149, 150), (100, 100), (148, 150), (150, 150), (120, 120), (120, 120), (119, 120), (98, 100), (119, 120), (148, 150), (100, 100), (148, 150), (96, 100), (100, 100), (150, 150), (119, 120), (120, 120), (150, 150), (147, 150), (119, 120), (120, 120), (100, 100), (100, 100), (147, 150), (99, 100), (120, 120), (120, 120), (100, 100), (149, 150), (120, 120), (100, 100), (100, 100), (99, 100), (149, 150), (100, 100), (99, 100), (120, 120), (100, 100), (98, 100), (99, 100), (119, 120), (146, 150), (118, 120), (148, 150), (120, 120), (147, 150), (148, 150), [99, 100], (148, 150), (98, 100), (100, 100), (150, 150), (147, 150), (144, 150), (146, 150), (150, 150), (148, 150), (150, 150), (150, 150)]
Resultado BRKGA 2: 9970 [(120, 120), (150, 150), [100, 100], (149, 150), (119, 120), (150, 150), (150, 150), (120, 120), (120, 120), (150, 150), (120, 120), (149, 150), (120, 120), (119, 120), (100, 100), (148, 150), (100, 100), (120, 120), (120, 120), (100, 100), (149, 150), (150, 150), (120, 120), (150, 150), (120, 120), (98, 100), (120, 120), (118, 120), (149, 150), (98, 100), (100, 100), (150, 150), (119, 120), (147, 150), (119, 120), (150, 150), (100, 100), (100, 100), (150, 150), (150, 150), (120, 120), (120, 120), (118, 120), [98, 100], (149, 150), (149, 150), (120, 120), (99, 100), (149, 150), (148, 150), (150, 150), (148, 150), (100, 100), (148, 150), (150, 150), (150, 150), (119, 120), (120, 120), (119, 120), (99, 100), (147, 150), [99, 100], (150, 150), (120, 120), (145, 150), (150, 150), (145, 150), [97, 100], (120, 120), (144, 150), (150, 150), (117, 120), (99, 100), (150, 150), (116, 120), (150, 150), (148, 150)]
Resultado BRKGA 3: 9980 [(100, 100), (120, 120), (149, 150), (149, 150), (100, 100), (119, 120), (150, 150), (120, 120), (100, 100), (120, 120), (100, 100), (120, 120), (100, 100), (98, 100), (100, 100), (149, 150), (148, 150), (97, 100), (148, 150), (120, 120), (149, 150), (150, 150), (100, 100), (100, 100), (119, 120), (119, 120), (150, 150), (120, 120), (149, 150), (100, 100), (149, 150), (120, 120), (100, 100), (150, 150), [100, 100], (100, 100), (100, 100), (147, 150), (149, 150), (100, 100), (100, 100), (99, 100), (100, 100), (150, 150), (119, 120), (150, 150), (100, 100), (119, 120), (116, 120), (150, 150), (146, 150), (100, 100), (149, 150), (150, 150), (147, 150), (150, 150), (148, 150), (148, 150), (149, 150), (120, 120), (149, 150), (149, 150), (149, 150), (119, 120), (149, 150), (120, 120), (149, 150), (117, 120), (120, 120), (148, 150), (149, 150), (150, 150), (98, 100), (114, 120), (98, 100), (91, 100), (97, 100), [100, 100], (147, 150)]
Media dos resultados MS: 9976.666666666666

Instancia: prob_200_6.txt, 2025-05-05 21:06:25

Resultado BRKGA 1: 10720 [(100, 100), (119, 120), [100, 100], (97, 100), (150, 150), (99, 100), (147, 150), (100, 100), (100, 100), (100, 100), (97, 100), (148, 150), (119, 120), (117, 120), (146, 150), (148, 150), (147, 150), (100, 100), (148, 150), (120, 120), (120, 120), (150, 150), (98, 100), (149, 150), (149, 150), (150, 150), (119, 120), (120, 120), (148, 150), (117, 120), (150, 150), (119, 120), (100, 100), (100, 100), (149, 150), (146, 150), (148, 150), [100, 100], (120, 120), (119, 120), (148, 150), (119, 120), (120, 120), (120, 120), (119, 120), (99, 100), (148, 150), (150, 150), (150, 150), (147, 150), (150, 150), (100, 100), (148, 150), (148, 150), (150, 150), (118, 120), (150, 150), (150, 150), (100, 100), (119, 120), (100, 100), (119, 120), (100, 100), (149, 150), (118, 120), (120, 120), (148, 150), (119, 120), (149, 150), [96, 100], (150, 150), (148, 150), (100, 100), (120, 120), (118, 120), (150, 150), (147, 150), (150, 150), (118, 120), (112, 120), (150, 150), (119, 120), (99, 100), (87, 100)]
Resultado BRKGA 2: 10730 [(149, 150), (100, 100), (119, 120), (150, 150), (97, 100), (120, 120), (120, 120), (100, 100), (150, 150), (100, 100), (100, 100), (120, 120), (150, 150), (150, 150), (120, 120), (150, 150), (120, 120), (96, 100), (119, 120), (120, 120), (149, 150), (120, 120), (120, 120), (100, 100), (117, 120), (98, 100), (99, 100), (118, 120), (120, 120), (100, 100), (100, 100), (119, 120), (100, 100), (150, 150), (150, 150), (148, 150), (120, 120), (120, 120), (120, 120), (149, 150), [99, 100], (98, 100), (120, 120), (119, 120), (98, 100), (100, 100), (100, 100), (120, 120), (100, 100), (148, 150), (148, 150), (117, 120), (120, 120), (148, 150), (148, 150), (120, 120), (99, 100), (119, 120), (120, 120), (120, 120), (99, 100), (147, 150), (120, 120), (150, 150), (118, 120), (150, 150), (120, 120), (116, 120), (150, 150), (120, 120), [95, 100], (146, 150), (150, 150), (100, 100), (145, 150), (148, 150), (112, 120), (115, 120), (111, 120), (118, 120), (114, 120), (146, 150), (150, 150), (118, 120), [100, 100], (120, 120), (106, 120)]
Resultado BRKGA 3: 10730 [(119, 120), (150, 150), (120, 120), (100, 100), (150, 150), (99, 100), (120, 120), (117, 120), (100, 100), (119, 120), (100, 100), (99, 100), (100, 100), (148, 150), (100, 100), (119, 120), (100, 100), (99, 100), (119, 120), (148, 150), (99, 100), (150, 150), (94, 100), (149, 150), (150, 150), (114, 120), (100, 100), (150, 150), (114, 120), (120, 120), (149, 150), (93, 100), (99, 100), (100, 100), (150, 150), (148, 150), (149, 150), (119, 120), (100, 100), (100, 100), (150, 150), (119, 120), (142, 150), (120, 120), (120, 120), (149, 150), (100, 100), (113, 120), (150, 150), (120, 120), (120, 120), (99, 100), (100, 100), [100, 100], (150, 150), (100, 100), (100, 100), (118, 120), (149, 150), (149, 150), (120, 120), [96, 100], (119, 120), (120, 120), (118, 120), (100, 100), (100, 100), (100, 100), (146, 150), (119, 120), (100, 100), (150, 150), (117, 120), (149, 150), [96, 100], (120, 120), (120, 120), (117, 120), (96, 100), (149, 150), (119, 120), (145, 150), [100, 100], (98, 100), (143, 150), (149, 150), (119, 120), (146, 150)]
Media dos resultados MS: 10726.666666666666

Instancia: prob_200_7.txt, 2025-05-05 21:13:55

Resultado BRKGA 1: 9990 [(120, 120), (149, 150), (117, 120), (120, 120), (99, 100), (120, 120), (150, 150), (120, 120), (150, 150), (119, 120), (119, 120), (100, 100), (119, 120), (100, 100), (150, 150), (120, 120), (120, 120), (147, 150), (147, 150), (100, 100), (150, 150), (120, 120), [97, 100], (150, 150), (150, 150), (120, 120), (100, 100), (150, 150), (120, 120), (100, 100), (147, 150), (100, 100), (140, 150), (149, 150), (120, 120), (120, 120), (119, 120), (100, 100), (99, 100), [100, 100], (150, 150), (150, 150), (100, 100), (150, 150), (149, 150), (120, 120), (147, 150), (120, 120), (120, 120), (120, 120), (100, 100), (150, 150), (119, 120), (148, 150), [100, 100], (100, 100), (148, 150), (148, 150), (120, 120), (117, 120), (117, 120), (150, 150), (118, 120), (120, 120), (150, 150), (150, 150), (147, 150), (148, 150), (149, 150), (100, 100), (119, 120), (119, 120), (116, 120), (100, 100), (99, 100), (120, 120), (120, 120), (147, 150), (117, 120)]
Resultado BRKGA 2: 10000 [(150, 150), (120, 120), (150, 150), (150, 150), (120, 120), (150, 150), (120, 120), (120, 120), (100, 100), (100, 100), (120, 120), (150, 150), [100, 100], (120, 120), (150, 150), (120, 120), (100, 100), (148, 150), (120, 120), (119, 120), (120, 120), (100, 100), (99, 100), (98, 100), (120, 120), (100, 100), (120, 120), (120, 120), (150, 150), (120, 120), (120, 120), (120, 120), (120, 120), (149, 150), [97, 100], (147, 150), (100, 100), (120, 120), (120, 120), (150, 150), (98, 100), (147, 150), (148, 150), (120, 120), (120, 120), (150, 150), (146, 150), (120, 120), (150, 150), (116, 120), (149, 150), (97, 100), (148, 150), (147, 150), (100, 100), (150, 150), (146, 150), [100, 100], (150, 150), (99, 100), (149, 150), (100, 100), (119, 120), (115, 120), (119, 120), [100, 100], (115, 120), (147, 150), (97, 100), (149, 150), (120, 120), (120, 120), (117, 120), (148, 150), (145, 150), (147, 150), (150, 150), [98, 100], (146, 150)]
Resultado BRKGA 3: 10000 [(147, 150), (117, 120), (150, 150), (120, 120), (150, 150), (150, 150), (150, 150), (100, 100), (150, 150), (117, 120), [97, 100], (119, 120), (150, 150), (150, 150), (119, 120), (149, 150), (119, 120), (100, 100), (100, 100), (100, 100), (119, 120), (120, 120), (120, 120), (100, 100), (120, 120), [100, 100], (100, 100), (99, 100), (150, 150), (120, 120), (149, 150), (150, 150), (149, 150), (99, 100), (150, 150), (100, 100), (120, 120), (149, 150), (147, 150), (120, 120), (100, 100), (150, 150), (149, 150), (120, 120), (148, 150), (100, 100), (150, 150), (100, 100), (148, 150), (117, 120), (118, 120), (147, 150), (119, 120), (97, 100), (149, 150), (100, 100), (120, 120), (149, 150), (119, 120), (149, 150), (110, 120), (150, 150), (150, 150), (118, 120), (120, 120), (99, 100), (120, 120), (100, 100), (114, 120), (150, 150), (119, 120), (149, 150), (144, 150), (149, 150), (149, 150), [97, 100], (99, 100), [100, 100], (98, 100)]
Media dos resultados MS: 9996.666666666666

Instancia: prob_200_8.txt, 2025-05-05 21:21:26

Resultado BRKGA 1: 9970 [(150, 150), (120, 120), (150, 150), (150, 150), (147, 150), (150, 150), (120, 120), (120, 120), (119, 120), (120, 120), (120, 120), (100, 100), (150, 150), (100, 100), (150, 150), (150, 150), (100, 100), (119, 120), (100, 100), (100, 100), (99, 100), (120, 120), (100, 100), (150, 150), (120, 120), (120, 120), (100, 100), (119, 120), (150, 150), (150, 150), (120, 120), (150, 150), (119, 120), (120, 120), (150, 150), (120, 120), (100, 100), (98, 100), (120, 120), (100, 100), (150, 150), (100, 100), (100, 100), (148, 150), (100, 100), (120, 120), [96, 100], (150, 150), (147, 150), (119, 120), (98, 100), (99, 100), (99, 100), (149, 150), (120, 120), (117, 120), (118, 120), (146, 150), (120, 120), (147, 150), [95, 100], (147, 150), (147, 150), (117, 120), (150, 150), (120, 120), (150, 150), (99, 100), (145, 150), [99, 100], (148, 150), (100, 100), (119, 120), (95, 100), (149, 150), (148, 150), (96, 100), (149, 150), (116, 120), (99, 100)]
