Instancia: prob_25_1.txt, 2025-05-05 15:27:42

Resultado BRKGA 1: 1350 [(120, 120), (120, 120), (120, 120), (120, 120), (150, 150), (150, 150), (150, 150), (118, 120), (150, 150), (149, 150)]
Resultado BRKGA 2: 1350 [(150, 150), (150, 150), (120, 120), (120, 120), (120, 120), (118, 120), (120, 120), (150, 150), (150, 150), (149, 150)]
Resultado BRKGA 3: 1350 [(120, 120), (120, 120), (119, 120), (120, 120), (150, 150), (120, 120), (149, 150), (149, 150), (150, 150), (150, 150)]
Media dos resultados MS: 1350.0

Instancia: prob_25_2.txt, 2025-05-05 15:28:25

Resultado BRKGA 1: 1310 [(99, 100), (147, 150), (150, 150), (117, 120), (150, 150), (120, 120), (98, 100), (120, 120), (149, 150), (149, 150)]
Resultado BRKGA 2: 1310 [(150, 150), (119, 120), (98, 100), (150, 150), (150, 150), (100, 100), (120, 120), (116, 120), (146, 150), (150, 150)]
Resultado BRKGA 3: 1310 [(150, 150), (100, 100), (120, 120), (114, 120), (150, 150), (149, 150), (150, 150), (98, 100), (120, 120), (148, 150)]
Media dos resultados MS: 1310.0

Instancia: prob_25_3.txt, 2025-05-05 15:28:29

Resultado BRKGA 1: 1140 [(98, 100), (150, 150), (149, 150), (150, 150), (100, 100), (119, 120), (118, 120), (150, 150), (100, 100)]
Resultado BRKGA 2: 1140 [(150, 150), (150, 150), (148, 150), (150, 150), (119, 120), (148, 150), (120, 120), (149, 150)]
Resultado BRKGA 3: 1140 [(120, 120), (149, 150), (150, 150), (150, 150), (149, 150), (150, 150), (118, 120), (148, 150)]
Media dos resultados MS: 1140.0

Instancia: prob_25_4.txt, 2025-05-05 15:28:32

Resultado BRKGA 1: 1190 [(100, 100), (99, 100), (120, 120), (120, 120), (149, 150), (150, 150), (150, 150), (150, 150), (150, 150)]
