Instancia: prob_25_1.txt, 2025-05-05 22:44:40

Resultado BRKGA 1: 1350 [(120, 120), (120, 120), (120, 120), (119, 120), (120, 120), (150, 150), (150, 150), (149, 150), (149, 150), (150, 150)]
Resultado BRKGA 2: 1350 [(120, 120), (120, 120), (120, 120), (119, 120), (149, 150), (150, 150), (150, 150), (149, 150), (120, 120), (150, 150)]
Resultado BRKGA 3: 1350 [(150, 150), (149, 150), (120, 120), (150, 150), (149, 150), (119, 120), (120, 120), (120, 120), (120, 120), (150, 150)]
Media dos resultados MS: 1350.0

Instancia: prob_25_2.txt, 2025-05-05 22:47:38

Resultado BRKGA 1: 1310 [(150, 150), (150, 150), (150, 150), (120, 120), [98, 100], (119, 120), (100, 100), (147, 150), (119, 120), (146, 150)]
Resultado BRKGA 2: 1310 [(120, 120), [98, 100], (100, 100), (150, 150), (148, 150), (150, 150), (118, 120), (119, 120), (150, 150), (146, 150)]
Resultado BRKGA 3: 1310 [(120, 120), (145, 150), (100, 100), (148, 150), (147, 150), (150, 150), (100, 100), (119, 120), (150, 150), (120, 120)]
Media dos resultados MS: 1310.0

Instancia: prob_25_3.txt, 2025-05-05 22:47:43

Resultado BRKGA 1: 1140 [(148, 150), (150, 150), (119, 120), (150, 150), (149, 150), (119, 120), (149, 150), (150, 150)]
Resultado BRKGA 2: 1140 [(150, 150), (119, 120), (150, 150), (150, 150), (118, 120), (149, 150), (148, 150), (150, 150)]
Resultado BRKGA 3: 1140 [(98, 100), (150, 150), (120, 120), (149, 150), (119, 120), (99, 100), (150, 150), (100, 100), (149, 150)]
Media dos resultados MS: 1140.0

Instancia: prob_25_4.txt, 2025-05-05 22:47:47

