Instancia: H&Sconc100-2-1.txt, 2025-05-10 20:46:53

Resultado BRKGA 1: 8932 [(236, 250), (250, 250), (246, 250), (228, 250), [220, 220], [248, 250], (250, 250), (250, 250), (250, 250), (247, 250), (245, 250), (249, 250), (247, 250), (235, 250), (250, 250), (249, 250), (245, 250), (249, 250), (232, 250), (248, 250), (250, 250), (220, 220), [153, 160], (248, 250), (250, 250), [183, 190], (238, 250), (250, 250), (249, 250), (247, 250), (243, 250), (247, 250), (234, 250), (216, 220), [190, 190], (190, 190), [241, 250], (250, 250), (160, 160), [217, 220], (250, 250), (246, 250), [249, 250], [185, 190], [211, 220], (250, 250), (220, 220), (245, 250), [249, 250], [185, 190], [204, 220], [219, 220], [245, 250], [218, 220], [189, 190], [229, 250], [219, 220], (239, 250)]
Resultado BRKGA 2: 8943 [(242, 250), (250, 250), (250, 250), (250, 250), (248, 250), (245, 250), (249, 250), (248, 250), (238, 250), (250, 250), (249, 250), (250, 250), (238, 250), (190, 190), (242, 250), (218, 220), [249, 250], (250, 250), (245, 250), (250, 250), (237, 250), (190, 190), [142, 160], [191, 250], (243, 250), (250, 250), (250, 250), (250, 250), (187, 250), (248, 250), [245, 250], [190, 250], (250, 250), [210, 220], [164, 220], (242, 250), (247, 250), (219, 220), [183, 220], [218, 250], [153, 190], [185, 190], [217, 250], [203, 220], [157, 160], [214, 250], (219, 220), [204, 220], [188, 220], [185, 190], [219, 220], [248, 250], (158, 160), [165, 190], (218, 220), (244, 250), [249, 250], [211, 250], [88, 250], [229, 250], [241, 250]]
Resultado BRKGA 3: 8934 [(250, 250), (250, 250), (250, 250), (248, 250), (248, 250), [171, 220], (248, 250), [249, 250], (250, 250), [132, 190], (247, 250), (219, 220), (250, 250), (242, 250), (250, 250), (244, 250), (249, 250), [249, 250], (246, 250), [217, 250], (250, 250), (187, 190), (218, 220), (250, 250), (247, 250), [248, 250], (245, 250), [159, 190], (250, 250), [181, 220], (247, 250), (249, 250), (245, 250), (241, 250), (187, 190), [165, 220], (250, 250), (220, 220), (249, 250), (241, 250), (211, 220), (248, 250), [214, 220], [190, 190], [142, 190], [220, 250], [219, 250], (248, 250), [163, 220], [210, 250], [211, 250], [245, 250], (250, 250), [219, 250], [218, 220], (176, 220), [220, 220], [127, 130], [215, 250], [218, 220]]
Media dos resultados MS: 8936.333333333334

Instancia: H&Sconc100-2-2.txt, 2025-05-10 20:54:28

Resultado BRKGA 1: 7873 [(250, 250), (248, 250), (250, 250), [242, 250], (248, 250), (248, 250), (250, 250), (250, 250), (249, 250), (250, 250), (246, 250), (248, 250), (249, 250), (249, 250), (159, 160), [203, 220], (146, 160), [195, 220], [194, 220], [189, 190], (248, 250), (250, 250), (250, 250), (250, 250), (236, 250), (218, 220), [177, 190], [175, 190], [174, 190], (177, 220), (243, 250), (212, 220), [164, 190], [164, 190], (213, 220), [163, 190], [162, 190], [161, 190], [158, 160], (185, 190), [158, 160], [158, 250], [155, 160], [147, 160], (202, 220), [147, 160], [147, 160], [93, 100], [145, 250], [144, 160], [143, 160], [143, 160], [142, 160], [112, 220], [131, 160], [110, 220], [130, 130], [127, 130], (247, 250), [167, 190], [124, 130], (242, 250)]
Resultado BRKGA 2: 7872 [(243, 250), (187, 190), (244, 250), (190, 190), (241, 250), (250, 250), (250, 250), (247, 250), (184, 190), (218, 220), [231, 250], (248, 250), (240, 250), (238, 250), (249, 250), (159, 160), (159, 160), (245, 250), (249, 250), (241, 250), (160, 160), [245, 250], (241, 250), [161, 220], (248, 250), (248, 250), (243, 250), [143, 190], [177, 220], [189, 250], (250, 250), [195, 250], (250, 250), [242, 250], (246, 250), (203, 220), (231, 250), (230, 250), (219, 220), (240, 250), (248, 250), (246, 250), (190, 190), (247, 250), (248, 250), (189, 190), [203, 250], (217, 220), (216, 220), [212, 220], [112, 160], [124, 130], [247, 250], [212, 220], [72, 250]]
Resultado BRKGA 3: 7873 [(250, 250), (248, 250), (250, 250), [242, 250], (247, 250), (248, 250), [217, 220], (62, 70), [216, 220], (66, 70), (249, 250), (250, 250), (246, 250), (248, 250), (249, 250), (220, 220), (216, 220), (218, 220), (159, 160), [194, 220], [49, 70], (248, 250), (248, 250), (250, 250), (250, 250), (250, 250), (250, 250), (250, 250), (247, 250), (245, 250), (243, 250), (250, 250), (249, 250), (247, 250), (207, 250), [162, 190], [65, 70], (226, 250), (249, 250), [158, 160], [158, 250], [155, 160], (196, 220), [147, 160], [147, 160], (193, 220), [147, 160], [145, 250], [144, 160], [143, 160], [143, 160], [142, 160], (248, 250), (241, 250), [130, 160], (248, 250), (250, 250), (242, 250)]
Media dos resultados MS: 7872.666666666667

Instancia: H&Sconc100-2-3.txt, 2025-05-10 21:02:04

Resultado BRKGA 1: 8526 [(250, 250), (250, 250), (246, 250), (250, 250), (244, 250), [236, 250], [235, 250], [235, 250], (250, 250), (246, 250), (250, 250), [227, 250], (248, 250), [224, 250], [223, 250], [222, 250], [220, 220], (250, 250), (250, 250), (248, 250), (246, 250), (249, 250), (244, 250), [207, 220], (250, 250), (249, 250), (250, 250), [202, 220], [202, 220], (250, 250), (250, 250), (247, 250), [195, 220], (250, 250), (240, 250), (250, 250), (250, 250), (246, 250), (249, 250), (250, 250), (247, 250), (243, 250), (236, 250), (233, 250), (231, 250), (249, 250), (248, 250), (250, 250), (248, 250), (250, 250), (250, 250), (239, 250), (212, 220), (225, 250)]
Resultado BRKGA 2: 8526 [(250, 250), (250, 250), (246, 250), (250, 250), (244, 250), [236, 250], [235, 250], [235, 250], (250, 250), (246, 250), (250, 250), [227, 250], (248, 250), [224, 250], [223, 250], [222, 250], [220, 220], (250, 250), (250, 250), (248, 250), (246, 250), (249, 250), (244, 250), [207, 220], (250, 250), (249, 250), (250, 250), [202, 220], [202, 220], (250, 250), (250, 250), (247, 250), [195, 220], (250, 250), (240, 250), (250, 250), (250, 250), (246, 250), (249, 250), (250, 250), (247, 250), (243, 250), (236, 250), (233, 250), (231, 250), (249, 250), (248, 250), (250, 250), (248, 250), (250, 250), (250, 250), (239, 250), (212, 220), (225, 250)]
Resultado BRKGA 3: 8526 [(250, 250), (250, 250), (246, 250), (250, 250), (244, 250), [236, 250], [235, 250], [235, 250], (250, 250), (246, 250), (250, 250), [227, 250], (248, 250), [224, 250], [223, 250], [222, 250], [220, 220], (250, 250), (250, 250), (248, 250), (246, 250), (249, 250), (244, 250), [207, 220], (250, 250), (249, 250), (250, 250), [202, 220], [202, 220], (250, 250), (250, 250), (247, 250), [195, 220], (250, 250), (240, 250), (250, 250), (250, 250), (246, 250), (249, 250), (250, 250), (247, 250), (243, 250), (236, 250), (233, 250), (231, 250), (249, 250), (248, 250), (250, 250), (248, 250), (250, 250), (250, 250), (239, 250), (212, 220), (225, 250)]
Media dos resultados MS: 8526.0

Instancia: H&Sconc100-2-4.txt, 2025-05-10 21:09:40

Resultado BRKGA 1: 8611 [[249, 250], (249, 250), (250, 250), (248, 250), (250, 250), (245, 250), (250, 250), (249, 250), [234, 250], (249, 250), [229, 250], [229, 250], (250, 250), (250, 250), (250, 250), (249, 250), (250, 250), (250, 250), (244, 250), (239, 250), [214, 220], [210, 220], [208, 220], (250, 250), (249, 250), (249, 250), (249, 250), (238, 250), (250, 250), (250, 250), (248, 250), (231, 250), (250, 250), (250, 250), [185, 190], (249, 250), (242, 250), (249, 250), [174, 190], [173, 190], (247, 250), (248, 250), (250, 250), (245, 250), (244, 250), (241, 250), (250, 250), (250, 250), (249, 250), (250, 250), (250, 250), (245, 250), (218, 220), (212, 220), (176, 190)]
Resultado BRKGA 2: 8611 [[249, 250], (249, 250), (250, 250), (248, 250), (250, 250), (245, 250), (250, 250), (249, 250), [234, 250], (249, 250), [229, 250], [229, 250], (250, 250), (250, 250), [198, 220], (250, 250), [219, 220], (146, 160), [218, 220], [217, 220], [216, 220], [216, 220], [214, 220], [210, 220], [208, 250], [206, 220], (139, 160), [203, 220], [200, 220], [51, 70], (238, 250), (250, 250), (250, 250), (248, 250), (231, 250), (250, 250), (250, 250), [185, 190], (249, 250), (242, 250), [174, 190], (157, 220), [174, 190], [173, 190], [165, 190], [155, 160], (192, 220), [151, 160], [141, 160], (207, 220), [141, 160], [138, 160], (218, 220), [135, 160], [118, 130], (218, 220), [120, 130], (250, 250), (213, 220), [124, 130], (245, 250), (218, 250), (212, 220), [132, 160]]
Resultado BRKGA 3: 8611 [[249, 250], (249, 250), (250, 250), (248, 250), (250, 250), (245, 250), (250, 250), (249, 250), [234, 250], (249, 250), [229, 250], [229, 250], (250, 250), (250, 250), (250, 250), (249, 250), (250, 250), (250, 250), (244, 250), (239, 250), [214, 220], [210, 220], [208, 220], (250, 250), (249, 250), (249, 250), (249, 250), (238, 250), (250, 250), (250, 250), (248, 250), (231, 250), (250, 250), (250, 250), [185, 190], (249, 250), (242, 250), (249, 250), [174, 190], [173, 190], (247, 250), (248, 250), (250, 250), (245, 250), (244, 250), (241, 250), (250, 250), (250, 250), (249, 250), (250, 250), (250, 250), (245, 250), (218, 220), (212, 220), (176, 190)]
Media dos resultados MS: 8611.0

Instancia: H&Sconc100-2-5.txt, 2025-05-10 21:17:15

Resultado BRKGA 1: 8474 [(249, 250), (249, 250), [245, 250], (250, 250), [244, 250], (250, 250), (246, 250), (246, 250), (245, 250), [238, 250], (250, 250), (248, 250), (243, 250), (236, 250), (248, 250), [218, 220], (250, 250), (248, 250), [214, 220], (249, 250), (248, 250), [209, 220], (250, 250), (244, 250), [199, 220], [199, 220], [197, 220], [197, 220], (250, 250), (247, 250), (250, 250), (249, 250), (249, 250), (250, 250), (247, 250), (248, 250), (250, 250), (247, 250), (246, 250), (250, 250), (247, 250), (250, 250), (244, 250), (237, 250), (250, 250), (249, 250), (250, 250), (248, 250), (215, 220), (250, 250), (250, 250), (247, 250), (231, 250), (156, 160)]
Resultado BRKGA 2: 8474 [(249, 250), (249, 250), [245, 250], (250, 250), [244, 250], (250, 250), (246, 250), (246, 250), (245, 250), [238, 250], (250, 250), (248, 250), (243, 250), (236, 250), (248, 250), [218, 220], (250, 250), (248, 250), [214, 220], (249, 250), (248, 250), [209, 220], (250, 250), (244, 250), [199, 220], [199, 220], [197, 220], [197, 220], (250, 250), (247, 250), (250, 250), (249, 250), (249, 250), (250, 250), (247, 250), (248, 250), (250, 250), (247, 250), (246, 250), (250, 250), (247, 250), (250, 250), (244, 250), (237, 250), (250, 250), (249, 250), (250, 250), (248, 250), (215, 220), (250, 250), (250, 250), (247, 250), (231, 250), (156, 160)]
Resultado BRKGA 3: 8474 [(249, 250), (249, 250), [245, 250], (250, 250), [244, 250], (250, 250), (246, 250), (246, 250), (245, 250), [238, 250], (250, 250), (248, 250), (243, 250), (236, 250), (248, 250), [218, 220], (250, 250), (248, 250), [214, 220], (249, 250), (248, 250), [209, 220], (250, 250), (244, 250), [199, 220], [199, 220], [197, 220], [197, 220], (250, 250), (247, 250), (250, 250), (249, 250), (249, 250), (250, 250), (247, 250), (248, 250), (250, 250), (247, 250), (246, 250), (250, 250), (247, 250), (250, 250), (244, 250), (237, 250), (250, 250), (249, 250), (250, 250), (248, 250), (215, 220), (250, 250), (250, 250), (247, 250), (231, 250), (156, 160)]
Media dos resultados MS: 8474.0

Instancia: H&Sconc100-2-6.txt, 2025-05-10 21:17:17

Resultado BRKGA 1: 7552 [[250, 250], (250, 250), (250, 250), (239, 250), (250, 250), (250, 250), (250, 250), (250, 250), (250, 250), (249, 250), (249, 250), (249, 250), (246, 250), (250, 250), (250, 250), (248, 250), (250, 250), (248, 250), (244, 250), (249, 250), (236, 250), (250, 250), (249, 250), (245, 250), (244, 250), (224, 250), (249, 250), (249, 250), (250, 250), (250, 250), (249, 250), (243, 250), (250, 250), (250, 250), (250, 250), (249, 250), (247, 250), (250, 250), (246, 250), (250, 250), (249, 250), (245, 250), (250, 250), (240, 250), (250, 250), (246, 250), (189, 190), [77, 100]]
Resultado BRKGA 2: 7552 [[250, 250], (250, 250), (250, 250), (239, 250), (250, 250), (250, 250), (250, 250), (250, 250), (250, 250), (249, 250), (249, 250), (249, 250), (246, 250), (250, 250), (250, 250), (248, 250), (250, 250), (248, 250), (244, 250), (249, 250), (236, 250), (250, 250), (249, 250), (245, 250), (244, 250), (224, 250), (249, 250), (249, 250), (250, 250), (250, 250), (249, 250), (243, 250), (250, 250), (250, 250), (250, 250), (249, 250), (247, 250), (250, 250), (246, 250), (250, 250), (249, 250), (245, 250), (250, 250), (240, 250), (250, 250), (246, 250), (189, 190), [77, 100]]
Resultado BRKGA 3: 7552 [[250, 250], (250, 250), (250, 250), (239, 250), (250, 250), (56, 70), [217, 220], [215, 220], (159, 160), [212, 220], [212, 220], [210, 220], (249, 250), (247, 250), [210, 220], (132, 160), [208, 220], (217, 220), [195, 220], (146, 160), [193, 220], [192, 220], [192, 220], (157, 160), [190, 190], [190, 190], [187, 220], (146, 190), (247, 250), (245, 250), (224, 250), (222, 250), (249, 250), [174, 190], (250, 250), (250, 250), [162, 190], [81, 100], [156, 220], [94, 100], (250, 250), (250, 250), (249, 250), (247, 250), [146, 160], (210, 220), [146, 160], [144, 160], [140, 160], [109, 160], [137, 160], (216, 220), [166, 190], (250, 250), (232, 250), [128, 130], (246, 250), (221, 250), (167, 190), [68, 70]]
Media dos resultados MS: 7552.0

Instancia: H&Sconc100-2-7.txt, 2025-05-10 21:24:54

Resultado BRKGA 1: 7886 [(250, 250), [246, 250], (65, 70), [246, 250], (250, 250), (160, 160), (248, 250), (250, 250), (250, 250), (249, 250), (244, 250), (248, 250), [220, 220], [214, 220], (244, 250), (249, 250), (218, 220), (218, 220), [49, 70], (222, 250), [189, 190], (215, 220), (250, 250), (248, 250), (248, 250), (246, 250), (239, 250), (250, 250), (250, 250), (248, 250), (246, 250), [168, 190], (162, 220), [168, 190], [163, 190], (173, 220), [162, 190], [247, 250], (225, 250), [159, 160], [158, 160], (173, 220), [155, 160], [84, 100], [149, 160], [99, 100], (249, 250), (249, 250), (245, 250), (248, 250), [233, 250], [115, 130], [111, 130], (230, 250), (211, 220), (248, 250), (207, 220), (250, 250), [124, 130]]
Resultado BRKGA 2: 7886 [(250, 250), [247, 250], [246, 250], [246, 250], (250, 250), (248, 250), (250, 250), (250, 250), (250, 250), (246, 250), (64, 70), (240, 250), (248, 250), [220, 220], [214, 220], (244, 250), (239, 250), (218, 220), (219, 220), [49, 70], (248, 250), [189, 220], [60, 70], (250, 250), (248, 250), (248, 250), (246, 250), (239, 250), (250, 250), (250, 250), (248, 250), (246, 250), (250, 250), (248, 250), (250, 250), (248, 250), (192, 220), [159, 160], [158, 160], (173, 220), [155, 160], [155, 160], (183, 220), [149, 190], [147, 160], [102, 220], (249, 250), (240, 250), (248, 250), (250, 250), (245, 250), [133, 250], (211, 220), (248, 250), (207, 220), (250, 250), [124, 130]]
Resultado BRKGA 3: 7886 [(250, 250), [247, 250], [246, 250], [246, 250], (250, 250), (248, 250), (250, 250), (250, 250), (250, 250), (249, 250), (244, 250), (249, 250), (245, 250), (247, 250), (244, 250), (250, 250), (249, 250), (250, 250), (222, 250), (249, 250), (250, 250), (248, 250), (248, 250), (246, 250), (239, 250), (250, 250), (250, 250), (248, 250), (246, 250), (250, 250), (248, 250), (250, 250), (248, 250), (249, 250), (247, 250), (239, 250), (239, 250), (248, 250), (249, 250), (249, 250), (245, 250), (248, 250), (250, 250), (245, 250), (230, 250), (211, 220), (248, 250), (207, 220), (250, 250), [124, 130]]
Media dos resultados MS: 7886.0

Instancia: H&Sconc100-2-8.txt, 2025-05-10 21:32:31

Resultado BRKGA 1: 8157 [(248, 250), [245, 250], [244, 250], [243, 250], [243, 250], (250, 250), (250, 250), (248, 250), (250, 250), (243, 250), (248, 250), (249, 250), (234, 250), [218, 220], (250, 250), [216, 220], (249, 250), [209, 220], (250, 250), (250, 250), (250, 250), [205, 220], (250, 250), (247, 250), (249, 250), (248, 250), (250, 250), (250, 250), (244, 250), (249, 250), (250, 250), (246, 250), (238, 250), (217, 220), (250, 250), (220, 220), (249, 250), (250, 250), (249, 250), (249, 250), (244, 250), (250, 250), (241, 250), (240, 250), (248, 250), (250, 250), (246, 250), (229, 250), (213, 220), (207, 220), (193, 220), (163, 190)]
Resultado BRKGA 2: 8157 [(250, 250), (248, 250), [244, 250], [243, 250], (250, 250), [245, 250], (160, 160), (238, 250), (128, 130), (243, 250), [183, 190], (243, 250), (127, 160), (248, 250), [218, 220], [218, 220], [216, 220], (249, 250), [209, 220], [34, 70], (158, 160), [209, 220], (250, 250), [207, 220], (250, 250), [205, 220], (250, 250), (247, 250), [179, 220], (186, 190), [192, 220], [243, 250], [178, 190], (244, 250), [172, 190], [77, 100], (250, 250), (208, 220), [163, 190], [161, 190], [160, 160], (249, 250), (249, 250), [150, 190], (203, 220), [146, 160], [144, 160], (206, 220), [143, 160], [142, 160], (208, 220), [141, 160], [99, 100], (248, 250), (188, 250), [124, 130], (237, 250), (213, 250), [216, 250], [110, 130], [169, 220], [97, 100], (193, 220), (163, 190)]
Resultado BRKGA 3: 8157 [(248, 250), [245, 250], [244, 250], [243, 250], [243, 250], (250, 250), (250, 250), (248, 250), (250, 250), (243, 250), (248, 250), (249, 250), (234, 250), [218, 220], (250, 250), [216, 220], (249, 250), [209, 220], (250, 250), (250, 250), (250, 250), [205, 220], (250, 250), (247, 250), (249, 250), (248, 250), (250, 250), (250, 250), (244, 250), (249, 250), (250, 250), (246, 250), (238, 250), (217, 220), (250, 250), (220, 220), (249, 250), (250, 250), (249, 250), (249, 250), (244, 250), (250, 250), (241, 250), (240, 250), (248, 250), (250, 250), (246, 250), (229, 250), (213, 220), (207, 220), (193, 220), (163, 190)]
Media dos resultados MS: 8157.0

Instancia: H&Sconc100-2-9.txt, 2025-05-10 21:40:06

Resultado BRKGA 1: 8413 [(250, 250), (249, 250), (250, 250), (249, 250), (250, 250), [235, 250], [235, 250], [234, 250], (250, 250), [233, 250], [233, 250], (250, 250), (245, 250), (250, 250), (250, 250), (250, 250), (249, 250), (250, 250), (246, 250), (242, 250), (235, 250), (250, 250), (249, 250), (250, 250), (249, 250), (239, 250), (250, 250), (248, 250), (248, 250), (225, 250), (250, 250), (250, 250), (250, 250), (247, 250), (250, 250), (239, 250), [163, 190], [163, 190], [162, 190], [161, 190], (248, 250), (250, 250), (247, 250), (250, 250), (250, 250), (250, 250), (250, 250), (248, 250), (244, 250), (249, 250), (217, 220), (209, 220), (195, 220), [93, 100]]
Resultado BRKGA 2: 8413 [(250, 250), (249, 250), (250, 250), (249, 250), (250, 250), [235, 250], [235, 250], [234, 250], (250, 250), [233, 250], [233, 250], (250, 250), (245, 250), (250, 250), (250, 250), (250, 250), (249, 250), (250, 250), (246, 250), (242, 250), (235, 250), (250, 250), (249, 250), (250, 250), (249, 250), (239, 250), (250, 250), (248, 250), (248, 250), (225, 250), (250, 250), (250, 250), (250, 250), (247, 250), (250, 250), (239, 250), [163, 190], [163, 190], [162, 190], [161, 190], (248, 250), (250, 250), (247, 250), (250, 250), (250, 250), (250, 250), (250, 250), (248, 250), (244, 250), (249, 250), (217, 220), (209, 220), (195, 220), [93, 100]]
