Instancia: H&Slin100-1-7.txt, 2025-05-09 22:02:10

Resultado BRKGA 1: 13020 [(250, 250), (248, 250), [242, 250], (250, 250), [238, 250], (250, 250), (250, 250), (244, 250), (250, 250), (250, 250), (250, 250), (249, 250), (250, 250), [218, 220], [218, 220], (248, 250), (248, 250), (249, 250), (243, 250), [208, 220], [207, 220], (250, 250), [205, 220], (247, 250), (247, 250), (246, 250), [195, 220], (248, 250), (245, 250), (245, 250), (246, 250), [174, 190], [173, 190], (249, 250), (250, 250), (249, 250), (250, 250), (250, 250), (248, 250), (249, 250), (250, 250), (247, 250), (248, 250), (217, 220), (217, 220), (250, 250), [130, 130], [130, 130], [129, 130], (219, 220), (217, 220), (220, 220), (190, 190), (187, 190), (185, 190), [98, 100], (160, 160)]
Resultado BRKGA 2: 13020 [(250, 250), (248, 250), [242, 250], (250, 250), [238, 250], (250, 250), (250, 250), (244, 250), (250, 250), (250, 250), (250, 250), (249, 250), (250, 250), [218, 220], [218, 220], (248, 250), (248, 250), (249, 250), (243, 250), [208, 220], [207, 220], (250, 250), [205, 220], (247, 250), (247, 250), (246, 250), [195, 220], (248, 250), (245, 250), (245, 250), (246, 250), [174, 190], [173, 190], (249, 250), (250, 250), (249, 250), (250, 250), (250, 250), (248, 250), (249, 250), (250, 250), (247, 250), (248, 250), (217, 220), (217, 220), (250, 250), [130, 130], [130, 130], [129, 130], (219, 220), (217, 220), (220, 220), (190, 190), (187, 190), (185, 190), [98, 100], (160, 160)]
Resultado BRKGA 3: 13020 [(250, 250), (248, 250), [242, 250], (250, 250), [238, 250], (250, 250), (250, 250), (244, 250), (250, 250), (250, 250), (250, 250), (249, 250), (250, 250), [218, 220], [218, 220], (248, 250), (248, 250), (249, 250), (243, 250), [208, 220], [207, 220], (250, 250), [205, 220], (247, 250), (247, 250), (246, 250), [195, 220], (248, 250), (245, 250), (245, 250), (246, 250), [174, 190], [173, 190], (249, 250), (250, 250), (249, 250), (250, 250), (250, 250), (248, 250), (249, 250), (250, 250), (247, 250), (248, 250), (217, 220), (217, 220), (250, 250), [130, 130], [130, 130], [129, 130], (219, 220), (217, 220), (220, 220), (190, 190), (187, 190), (185, 190), [98, 100], (160, 160)]
Media dos resultados MS: 13020.0

Instancia: H&Slin100-1-8.txt, 2025-05-09 22:02:13

Resultado BRKGA 1: 12190 [[250, 250], [248, 250], (249, 250), (248, 250), (250, 250), (250, 250), (247, 250), (250, 250), (247, 250), (243, 250), (233, 250), [220, 220], (250, 250), (247, 250), (250, 250), (240, 250), (240, 250), [208, 220], (247, 250), (250, 250), (250, 250), (249, 250), (250, 250), (247, 250), [187, 190], (250, 250), [184, 190], [183, 190], [182, 190], (250, 250), (220, 220), (249, 250), (249, 250), (249, 250), (247, 250), (220, 220), (249, 250), (249, 250), (245, 250), (249, 250), (219, 220), (249, 250), (250, 250), (250, 250), (218, 220), (220, 220), (219, 220), (250, 250), (217, 220), [100, 100], (189, 190), (150, 160)]
Resultado BRKGA 2: 12190 [[250, 250], [248, 250], (249, 250), (248, 250), (250, 250), (250, 250), (247, 250), (250, 250), (247, 250), (243, 250), (233, 250), [220, 220], (250, 250), (247, 250), (250, 250), (240, 250), (240, 250), [208, 220], (247, 250), (250, 250), (250, 250), (249, 250), (250, 250), (247, 250), [187, 190], (250, 250), [184, 190], [183, 190], [182, 190], (250, 250), (220, 220), (249, 250), (249, 250), (249, 250), (247, 250), (220, 220), (249, 250), (249, 250), (245, 250), (249, 250), (219, 220), (249, 250), (250, 250), (250, 250), (218, 220), (220, 220), (219, 220), (250, 250), (217, 220), [100, 100], (189, 190), (150, 160)]
Resultado BRKGA 3: 12190 [[250, 250], [248, 250], (249, 250), (248, 250), (250, 250), (250, 250), (247, 250), (250, 250), (247, 250), (243, 250), (233, 250), [220, 220], (250, 250), (247, 250), (250, 250), (240, 250), (240, 250), [208, 220], (247, 250), (250, 250), (250, 250), (249, 250), (250, 250), (247, 250), [187, 190], (250, 250), [184, 190], [183, 190], [182, 190], (250, 250), (220, 220), (249, 250), (249, 250), (249, 250), (247, 250), (220, 220), (249, 250), (249, 250), (245, 250), (249, 250), (219, 220), (249, 250), (250, 250), (250, 250), (218, 220), (220, 220), (219, 220), (250, 250), (217, 220), [100, 100], (189, 190), (150, 160)]
Media dos resultados MS: 12190.0

Instancia: H&Slin100-1-9.txt, 2025-05-09 22:09:47

Resultado BRKGA 1: 11100 [[250, 250], (250, 250), (245, 250), (246, 250), (245, 250), (249, 250), (250, 250), (250, 250), (248, 250), (250, 250), (250, 250), (249, 250), (250, 250), (250, 250), (250, 250), (248, 250), (245, 250), (244, 250), (220, 220), [190, 190], (249, 250), (220, 220), (217, 220), (250, 250), (250, 250), (220, 220), (249, 250), (220, 220), (248, 250), (220, 220), (250, 250), (220, 220), (220, 220), (220, 220), (190, 190), (190, 190), (250, 250), (249, 250), (188, 190), (220, 220), (220, 220), (160, 160), (190, 190), (220, 220), (220, 220), (214, 220), (250, 250), (160, 160)]
Resultado BRKGA 2: 11100 [[250, 250], (65, 70), (250, 250), (246, 250), (245, 250), [235, 250], (247, 250), (250, 250), [87, 100], (248, 250), [217, 220], [216, 220], (250, 250), (250, 250), [202, 220], (147, 160), (218, 220), (245, 250), (214, 220), (247, 250), (250, 250), [189, 190], [107, 130], (220, 250), (217, 220), [181, 220], (250, 250), [177, 190], (112, 130), [244, 250], (221, 250), [161, 190], [154, 160], (200, 220), [151, 160], [144, 160], [142, 160], (162, 190), [136, 160], [135, 160], (185, 190), [131, 160], [128, 130], (111, 130), [128, 130], (205, 220), (249, 250), [64, 70], (220, 220), (220, 220), (160, 160), (190, 190), (218, 220), [110, 130], (219, 220), [223, 250], (250, 250), (160, 160)]
Resultado BRKGA 3: 11100 [[250, 250], (250, 250), (245, 250), (246, 250), (245, 250), (249, 250), (250, 250), (250, 250), (248, 250), (250, 250), (250, 250), (249, 250), (250, 250), (250, 250), (250, 250), (248, 250), (245, 250), (244, 250), (220, 220), [190, 190], (249, 250), (220, 220), (217, 220), (250, 250), (250, 250), (220, 220), (249, 250), (220, 220), (248, 250), (220, 220), (250, 250), (220, 220), (220, 220), (220, 220), (190, 190), (190, 190), (250, 250), (249, 250), (188, 190), (220, 220), (220, 220), (160, 160), (190, 190), (220, 220), (220, 220), (214, 220), (250, 250), (160, 160)]
Media dos resultados MS: 11100.0

Instancia: H&Slin100-1-10.txt, 2025-05-09 22:17:22

Resultado BRKGA 1: 12830 [(250, 250), [244, 250], (250, 250), [241, 250], [239, 250], (250, 250), [237, 250], [237, 250], (250, 250), (250, 250), (250, 250), (245, 250), [227, 250], (250, 250), (250, 250), (249, 250), (250, 250), (250, 250), (245, 250), (239, 250), (249, 250), (249, 250), (250, 250), (216, 220), (242, 250), (250, 250), (239, 250), (209, 220), [180, 190], [180, 190], [180, 190], (250, 250), (248, 250), (250, 250), (250, 250), (248, 250), (249, 250), (248, 250), (250, 250), (242, 250), (249, 250), (250, 250), (220, 220), (248, 250), (215, 220), (212, 220), (249, 250), (250, 250), (249, 250), (245, 250), (218, 220), (249, 250), (171, 190)]
Resultado BRKGA 2: 12830 [(250, 250), [244, 250], (250, 250), [241, 250], [239, 250], (250, 250), [237, 250], [237, 250], (250, 250), (250, 250), (250, 250), (245, 250), [227, 250], (250, 250), (250, 250), (249, 250), (250, 250), (250, 250), (245, 250), (239, 250), (249, 250), (249, 250), (250, 250), (216, 220), (242, 250), (250, 250), (239, 250), (209, 220), [180, 190], [180, 190], [180, 190], (250, 250), (248, 250), (250, 250), (250, 250), (248, 250), (249, 250), (248, 250), (250, 250), (242, 250), (249, 250), (250, 250), (220, 220), (248, 250), (215, 220), (212, 220), (249, 250), (250, 250), (249, 250), (245, 250), (218, 220), (249, 250), (171, 190)]
Resultado BRKGA 3: 12830 [(250, 250), (63, 70), [244, 250], (250, 250), [241, 250], [239, 250], (250, 250), [237, 250], (58, 70), [237, 250], (250, 250), (250, 250), (57, 70), [227, 250], [53, 70], (245, 250), [217, 220], [208, 220], (249, 250), [234, 250], (250, 250), (245, 250), [200, 250], (156, 160), [196, 220], [186, 190], [183, 190], (128, 130), [181, 190], [181, 190], (209, 220), (235, 250), [180, 190], (214, 220), (212, 220), [172, 190], [78, 100], [169, 190], [164, 190], (172, 220), [164, 190], [87, 100], (219, 220), [158, 160], (209, 220), [91, 100], (248, 250), (250, 250), [151, 160], (194, 220), [146, 190], [144, 160], (181, 220), [142, 160], [140, 160], [188, 190], [227, 250], (212, 220), (249, 250), (219, 220), (249, 250), [124, 160], (239, 250), [113, 130], (220, 220), [87, 130], [186, 220]]
Media dos resultados MS: 12830.0

Instancia: H&Slin200-1-1.txt, 2025-05-09 22:24:58

Resultado BRKGA 1: 25470 [[250, 250], [250, 250], [249, 250], (250, 250), [248, 250], [247, 250], [246, 250], [246, 250], (250, 250), (248, 250), (246, 250), (250, 250), (250, 250), (250, 250), (246, 250), (250, 250), (250, 250), (249, 250), [231, 250], (250, 250), (249, 250), (250, 250), (250, 250), (249, 250), (246, 250), (250, 250), [222, 250], (250, 250), (250, 250), (249, 250), (250, 250), (249, 250), (247, 250), [214, 220], (250, 250), (249, 250), (250, 250), (250, 250), (249, 250), (249, 250), (245, 250), (240, 250), (250, 250), (250, 250), (250, 250), (250, 250), (250, 250), (249, 250), (250, 250), (250, 250), (249, 250), (245, 250), (220, 220), [190, 190], [190, 190], [190, 190], [189, 190], [189, 190], [189, 190], (250, 250), (250, 250), (249, 250), (250, 250), (250, 250), (250, 250), (249, 250), (250, 250), (250, 250), (248, 250), (250, 250), (246, 250), [160, 160], [160, 160], (220, 220), (250, 250), (250, 250), (250, 250), (220, 220), (220, 220), (220, 220), (249, 250), (250, 250), (250, 250), (250, 250), (250, 250), (220, 220), (250, 250), (220, 220), (244, 250), (244, 250), (250, 250), (249, 250), (250, 250), (250, 250), [130, 130], (250, 250), (220, 220), (219, 220), (216, 220), (219, 220), (220, 220), (250, 250), (208, 220), (206, 220), (190, 190), (188, 190), [98, 100], [74, 100]]
Resultado BRKGA 2: 25470 [[250, 250], [250, 250], [249, 250], (250, 250), [248, 250], [247, 250], [246, 250], [246, 250], (250, 250), (248, 250), (246, 250), (250, 250), (250, 250), (250, 250), (246, 250), (250, 250), (250, 250), (249, 250), [231, 250], (250, 250), (249, 250), (250, 250), (250, 250), (249, 250), (246, 250), (250, 250), [222, 250], (250, 250), (250, 250), (249, 250), (250, 250), (249, 250), (247, 250), [214, 220], (250, 250), (249, 250), (250, 250), (250, 250), (249, 250), (249, 250), (245, 250), (240, 250), (250, 250), (250, 250), (250, 250), (250, 250), (250, 250), (249, 250), (250, 250), (250, 250), (249, 250), (245, 250), (220, 220), [190, 190], [190, 190], [190, 190], [189, 190], [189, 190], [189, 190], (250, 250), (250, 250), (249, 250), (250, 250), (250, 250), (250, 250), (249, 250), (250, 250), (250, 250), (248, 250), (250, 250), (246, 250), [160, 160], [160, 160], (220, 220), (250, 250), (250, 250), (250, 250), (220, 220), (220, 220), (220, 220), (249, 250), (250, 250), (250, 250), (250, 250), (250, 250), (220, 220), (250, 250), (220, 220), (244, 250), (244, 250), (250, 250), (249, 250), (250, 250), (250, 250), [130, 130], (250, 250), (220, 220), (219, 220), (216, 220), (219, 220), (220, 220), (250, 250), (208, 220), (206, 220), (190, 190), (188, 190), [98, 100], [74, 100]]
Resultado BRKGA 3: 25470 [[250, 250], [250, 250], [249, 250], (250, 250), [248, 250], [247, 250], [246, 250], [246, 250], (250, 250), (248, 250), (246, 250), (250, 250), (250, 250), (250, 250), (246, 250), (250, 250), (250, 250), (249, 250), [231, 250], (250, 250), (249, 250), (250, 250), (250, 250), (249, 250), (246, 250), (250, 250), [222, 250], (250, 250), (250, 250), (249, 250), (250, 250), (249, 250), (247, 250), [214, 220], (250, 250), (249, 250), (250, 250), (250, 250), (249, 250), (249, 250), (245, 250), (240, 250), (250, 250), (250, 250), (250, 250), (250, 250), (250, 250), (249, 250), (250, 250), (250, 250), (249, 250), (245, 250), (220, 220), [190, 190], [190, 190], [190, 190], [189, 190], [189, 190], [189, 190], (250, 250), (250, 250), (249, 250), (250, 250), (250, 250), (250, 250), (249, 250), (250, 250), (250, 250), (248, 250), (250, 250), (246, 250), [160, 160], [160, 160], (220, 220), (250, 250), (250, 250), (250, 250), (220, 220), (220, 220), (220, 220), (249, 250), (250, 250), (250, 250), (250, 250), (250, 250), (220, 220), (250, 250), (220, 220), (244, 250), (244, 250), (250, 250), (249, 250), (250, 250), (250, 250), [130, 130], (250, 250), (220, 220), (219, 220), (216, 220), (219, 220), (220, 220), (250, 250), (208, 220), (206, 220), (190, 190), (188, 190), [98, 100], [74, 100]]
Media dos resultados MS: 25470.0

Instancia: H&Slin200-1-2.txt, 2025-05-09 22:32:37

Resultado BRKGA 1: 26350 [(250, 250), (250, 250), (250, 250), (245, 250), [242, 250], [242, 250], (250, 250), (250, 250), (250, 250), (244, 250), (244, 250), (250, 250), (250, 250), (242, 250), (240, 250), (250, 250), (250, 250), (249, 250), (250, 250), (248, 250), (250, 250), [226, 250], [225, 250], (250, 250), [222, 250], (250, 250), (247, 250), (245, 250), [215, 220], (250, 250), (250, 250), (250, 250), (249, 250), (248, 250), (247, 250), (246, 250), (246, 250), (250, 250), (250, 250), (250, 250), (248, 250), (244, 250), [200, 220], (250, 250), [198, 220], (250, 250), (250, 250), (250, 250), [190, 190], [188, 190], [187, 190], (245, 250), (245, 250), (250, 250), (248, 250), (247, 250), (250, 250), (250, 250), (249, 250), (250, 250), (248, 250), (246, 250), (250, 250), (245, 250), (230, 250), (250, 250), [170, 190], (249, 250), (249, 250), (249, 250), [165, 190], [164, 190], (250, 250), (249, 250), [162, 190], [160, 160], (248, 250), (247, 250), (246, 250), (245, 250), [155, 160], [154, 160], [153, 160], [153, 160], [153, 160], (250, 250), [152, 160], (250, 250), (250, 250), (249, 250), (250, 250), (250, 250), (249, 250), (247, 250), (250, 250), (250, 250), (250, 250), (247, 250), (249, 250), (250, 250), (250, 250), (249, 250), (249, 250), (250, 250), [130, 130], [130, 130], [129, 130], (249, 250), (244, 250), (233, 250), (219, 220), [106, 130]]
Resultado BRKGA 2: 26350 [(250, 250), (250, 250), (250, 250), (245, 250), [242, 250], [242, 250], (250, 250), (250, 250), (250, 250), (244, 250), (244, 250), (250, 250), (250, 250), (242, 250), (240, 250), (250, 250), (250, 250), (249, 250), (250, 250), (248, 250), (250, 250), [226, 250], [225, 250], (250, 250), [222, 250], (250, 250), (247, 250), (245, 250), [215, 220], (250, 250), (250, 250), (250, 250), (249, 250), (248, 250), (247, 250), (246, 250), (246, 250), (250, 250), (250, 250), (250, 250), (248, 250), (244, 250), [200, 220], (250, 250), [198, 220], (250, 250), (250, 250), (250, 250), [190, 190], [188, 190], [187, 190], (245, 250), (245, 250), (250, 250), (248, 250), (247, 250), (250, 250), (250, 250), (249, 250), (250, 250), (248, 250), (246, 250), (250, 250), (245, 250), (230, 250), (250, 250), [170, 190], (249, 250), (249, 250), (249, 250), [165, 190], [164, 190], (250, 250), (249, 250), [162, 190], [160, 160], (248, 250), (247, 250), (246, 250), (245, 250), [155, 160], [154, 160], [153, 160], [153, 160], [153, 160], (250, 250), [152, 160], (250, 250), (250, 250), (249, 250), (250, 250), (250, 250), (249, 250), (247, 250), (250, 250), (250, 250), (250, 250), (247, 250), (249, 250), (250, 250), (250, 250), (249, 250), (249, 250), (250, 250), [130, 130], [130, 130], [129, 130], (249, 250), (244, 250), (233, 250), (219, 220), [106, 130]]
Resultado BRKGA 3: 26350 [(250, 250), (184, 190), (250, 250), (250, 250), (245, 250), [242, 250], [242, 250], (250, 250), (250, 250), (244, 250), (244, 250), (250, 250), (250, 250), (242, 250), [231, 250], (250, 250), (250, 250), (249, 250), (250, 250), (248, 250), (250, 250), [226, 250], [225, 250], (250, 250), [222, 250], (62, 70), (67, 70), [215, 250], [213, 220], [212, 220], (220, 220), (150, 160), [211, 220], [215, 250], [210, 220], [210, 220], [210, 220], [219, 220], (246, 250), (250, 250), (250, 250), (250, 250), (248, 250), (244, 250), (238, 250), [199, 220], (159, 160), [198, 220], [197, 220], [195, 220], (250, 250), [190, 220], [188, 190], [187, 220], [186, 190], [59, 70], [186, 190], (149, 190), (250, 250), (248, 250), (168, 220), [182, 190], (250, 250), [180, 190], (140, 190), [179, 190], [174, 190], (208, 220), [174, 190], [173, 190], (151, 160), (245, 250), [172, 250], (250, 250), [170, 250], (249, 250), (249, 250), [165, 190], (172, 220), [238, 250], [165, 190], [216, 220], [164, 250], [162, 190], [162, 190], [87, 100], [162, 190], [160, 250], [157, 160], (220, 220), [156, 160], [155, 160], (197, 220), [155, 160], [155, 160], [154, 160], [153, 160], [153, 160], [153, 160], (250, 250), [152, 160], (250, 250), (250, 250), (249, 250), (250, 250), (250, 250), (248, 250), [145, 160], [144, 160], [139, 160], (220, 220), [137, 160], [113, 220], [137, 160], (220, 220), [135, 160], (220, 220), [134, 160], [116, 130], [134, 160], [116, 220], [132, 160], [117, 220], [132, 160], [117, 220], [131, 160], [119, 130], [130, 130], [130, 130], [129, 130], (249, 250), (244, 250), (233, 250)]
Media dos resultados MS: 26350.0

Instancia: H&Slin200-1-3.txt, 2025-05-09 22:40:18

Resultado BRKGA 1: 27860 [(250, 250), (250, 250), (248, 250), (250, 250), (246, 250), [243, 250], [242, 250], [242, 250], [242, 250], [241, 250], [241, 250], (250, 250), (250, 250), [238, 250], [238, 250], [237, 250], (250, 250), (249, 250), (248, 250), (250, 250), (250, 250), (248, 250), (246, 250), (250, 250), (240, 250), [226, 250], [226, 250], [224, 250], [224, 250], (248, 250), (250, 250), (247, 250), [216, 220], [216, 220], (250, 250), (249, 250), [211, 220], [210, 220], (250, 250), (249, 250), (246, 250), (243, 250), (250, 250), [200, 220], [199, 220], (250, 250), [198, 220], (224, 250), (250, 250), (250, 250), (221, 250), (250, 250), [192, 220], (250, 250), [190, 190], (249, 250), (249, 250), (248, 250), (246, 250), (245, 250), [186, 190], (250, 250), (249, 250), (250, 250), [183, 190], (250, 250), (250, 250), (249, 250), (250, 250), (247, 250), (250, 250), (243, 250), (249, 250), (250, 250), (248, 250), (250, 250), (249, 250), (250, 250), (247, 250), (233, 250), (233, 250), (250, 250), (250, 250), (230, 250), [160, 160], (250, 250), (250, 250), (250, 250), (247, 250), (244, 250), (220, 220), (220, 220), (250, 250), (248, 250), (246, 250), (250, 250), (250, 250), (249, 250), (209, 220), [141, 160], [141, 160], [141, 160], (249, 250), (249, 250), [139, 160], [137, 160], (250, 250), (250, 250), (250, 250), [133, 160], [133, 160], [133, 160], (249, 250), [131, 160], [130, 130], (250, 250), [126, 130], [126, 130], [126, 130]]
Resultado BRKGA 2: 27860 [(250, 250), (250, 250), (248, 250), (250, 250), (246, 250), [243, 250], [242, 250], [242, 250], [242, 250], [241, 250], [241, 250], (250, 250), (250, 250), [238, 250], [238, 250], [237, 250], (250, 250), (249, 250), (248, 250), (250, 250), (250, 250), (248, 250), (246, 250), (250, 250), (240, 250), [226, 250], [226, 250], [224, 250], [224, 250], (248, 250), (250, 250), (247, 250), [216, 220], [216, 220], (250, 250), (249, 250), [211, 220], [210, 220], (250, 250), (249, 250), (246, 250), (243, 250), (250, 250), [200, 220], [199, 220], (250, 250), [198, 220], (224, 250), (250, 250), (250, 250), (221, 250), (250, 250), [192, 220], (250, 250), [190, 190], (249, 250), (249, 250), (248, 250), (246, 250), (245, 250), [186, 190], (250, 250), (249, 250), (250, 250), [183, 190], (250, 250), (250, 250), (249, 250), (250, 250), (247, 250), (250, 250), (243, 250), (249, 250), (250, 250), (248, 250), (250, 250), (249, 250), (250, 250), (247, 250), (233, 250), (233, 250), (250, 250), (250, 250), (230, 250), [160, 160], (250, 250), (250, 250), (250, 250), (247, 250), (244, 250), (220, 220), (220, 220), (250, 250), (248, 250), (246, 250), (250, 250), (250, 250), (249, 250), (209, 220), [141, 160], [141, 160], [141, 160], (249, 250), (249, 250), [139, 160], [137, 160], (250, 250), (250, 250), (250, 250), [133, 160], [133, 160], [133, 160], (249, 250), [131, 160], [130, 130], (250, 250), [126, 130], [126, 130], [126, 130]]
Resultado BRKGA 3: 27860 [(250, 250), (250, 250), (248, 250), (250, 250), (246, 250), [243, 250], [242, 250], [242, 250], [242, 250], [241, 250], [241, 250], (250, 250), (250, 250), [238, 250], [238, 250], [237, 250], (250, 250), (249, 250), (248, 250), (250, 250), (250, 250), (248, 250), (246, 250), (250, 250), (240, 250), [226, 250], [226, 250], [224, 250], [224, 250], (248, 250), (250, 250), (247, 250), [216, 220], [216, 220], (250, 250), (249, 250), [211, 220], [210, 220], (250, 250), (249, 250), (246, 250), (243, 250), (250, 250), [200, 220], [199, 220], (250, 250), [198, 220], (224, 250), (250, 250), (250, 250), (221, 250), (250, 250), [192, 220], (250, 250), [190, 190], (249, 250), (249, 250), (248, 250), (246, 250), (245, 250), [186, 190], (250, 250), (249, 250), (250, 250), [183, 190], (250, 250), (250, 250), (249, 250), (250, 250), (247, 250), (250, 250), (243, 250), (249, 250), (250, 250), (248, 250), (250, 250), (249, 250), (250, 250), (247, 250), (233, 250), (233, 250), (250, 250), (250, 250), (230, 250), [160, 160], (250, 250), (250, 250), (250, 250), (247, 250), (244, 250), (220, 220), (220, 220), (250, 250), (248, 250), (246, 250), (250, 250), (250, 250), (249, 250), (209, 220), [141, 160], [141, 160], [141, 160], (249, 250), (249, 250), [139, 160], [137, 160], (250, 250), (250, 250), (250, 250), [133, 160], [133, 160], [133, 160], (249, 250), [131, 160], [130, 130], (250, 250), [126, 130], [126, 130], [126, 130]]
Media dos resultados MS: 27860.0

Instancia: H&Slin200-1-4.txt, 2025-05-09 22:47:58

Resultado BRKGA 1: 24340 [[250, 250], (250, 250), (250, 250), (250, 250), [247, 250], (250, 250), (249, 250), (68, 70), (249, 250), (248, 250), (250, 250), (250, 250), (249, 250), (246, 250), (246, 250), (248, 250), [229, 250], (250, 250), [227, 250], (250, 250), (250, 250), (250, 250), (250, 250), (249, 250), [217, 220], [214, 220], (70, 70), [214, 220], (70, 70), [212, 220], [34, 70], (240, 250), (245, 250), (190, 220), [211, 220], [208, 220], (186, 190), (219, 220), [202, 220], (249, 250), (249, 250), [196, 220], (249, 250), [190, 220], [186, 190], (127, 160), [185, 190], [183, 190], (135, 160), [181, 190], [180, 190], [70, 70], (250, 250), (249, 250), (238, 250), (220, 250), (202, 250), (250, 250), (248, 250), (250, 250), [172, 190], [218, 250], [61, 70], (220, 250), (250, 250), (249, 250), [164, 220], [85, 100], (119, 160), [159, 160], [157, 160], (190, 220), [153, 160], [151, 160], (179, 190), [151, 160], [242, 250], [98, 100], [150, 160], (180, 190), [150, 160], (197, 220), [149, 160], [96, 100], (244, 250), [147, 160], (199, 220), [147, 160], [144, 160], (213, 220), [142, 160], [237, 250], [142, 190], [106, 130], (250, 250), (199, 220), [141, 160], [203, 250], (227, 250), (230, 250), (195, 220), [216, 220], (172, 190), (190, 190), [209, 220], [133, 190], [113, 130], (227, 250), (214, 220), [129, 160], (219, 220), (219, 220), (217, 220), [123, 130], (248, 250), [141, 160], (189, 190), [123, 130], [246, 250], (240, 250), [118, 130], (195, 220), [83, 100], (223, 250)]
Resultado BRKGA 2: 24340 [[250, 250], (250, 250), (250, 250), (250, 250), [247, 250], [246, 250], (250, 250), (249, 250), (250, 250), (250, 250), (249, 250), (248, 250), (250, 250), (250, 250), (250, 250), (249, 250), (250, 250), (250, 250), [229, 250], (250, 250), [227, 250], (250, 250), (250, 250), (250, 250), (250, 250), (249, 250), (249, 250), [217, 220], (250, 250), (249, 250), (249, 250), (246, 250), (240, 250), (240, 250), [211, 220], (250, 250), (248, 250), (246, 250), (248, 250), (250, 250), (249, 250), (249, 250), (249, 250), (249, 250), [190, 190], (250, 250), (248, 250), (250, 250), (249, 250), (250, 250), (250, 250), (249, 250), (238, 250), (220, 220), (250, 250), (248, 250), (250, 250), (233, 250), (220, 220), (250, 250), (249, 250), (249, 250), (220, 220), (220, 220), (250, 250), (250, 250), (250, 250), (249, 250), (250, 250), (250, 250), (246, 250), (245, 250), (244, 250), (250, 250), (243, 250), (250, 250), (249, 250), (248, 250), (250, 250), (245, 250), (236, 250), (219, 220), (219, 220), (249, 250), (190, 190), (246, 250), (220, 220), (190, 190), (220, 220), (219, 220), (219, 220), (250, 250), (219, 220), (219, 220), (217, 220), (240, 250), (237, 250), (202, 220), (249, 250), (223, 250)]
Resultado BRKGA 3: 24340 [(70, 70), [250, 250], (250, 250), (189, 190), (250, 250), (250, 250), [247, 250], [246, 250], (250, 250), (220, 220), [243, 250], [151, 160], (250, 250), (130, 130), (249, 250), [124, 130], (159, 160), (247, 250), (249, 250), (250, 250), (250, 250), (249, 250), [230, 250], [96, 100], [229, 250], [229, 250], (250, 250), [227, 250], (250, 250), (250, 250), (250, 250), (100, 100), (250, 250), [222, 250], [218, 220], (66, 70), (246, 250), [216, 220], [214, 220], (157, 160), [212, 220], [211, 250], [211, 220], [211, 220], (250, 250), [208, 220], (138, 160), [206, 220], (248, 250), (242, 250), [199, 220], (249, 250), [194, 220], [55, 70], [190, 190], (220, 220), [64, 70], (248, 250), (250, 250), [181, 190], (190, 190), [180, 190], [178, 190], (237, 250), (250, 250), [174, 190], (249, 250), [95, 100], [172, 190], (208, 220), [172, 190], [171, 190], [169, 190], [199, 220], (210, 220), [166, 190], [164, 190], (143, 160), [162, 190], [159, 160], (208, 220), (250, 250), (220, 250), [151, 160], (197, 220), [150, 160], [100, 100], [150, 160], [100, 100], (236, 250), [149, 160], [96, 100], (244, 250), [147, 160], (209, 220), [147, 160], [144, 160], [142, 160], (213, 220), [142, 160], [141, 160], [109, 160], [104, 130], [141, 160], (160, 190), [139, 160], [136, 160], (183, 220), (190, 190), (246, 250), [132, 160], [88, 130], [131, 160], (220, 220), (219, 220), (219, 220), [123, 130], (219, 220), (189, 190), [237, 250], (183, 220), (231, 250), [120, 130], (232, 250), (249, 250), (223, 250)]
Media dos resultados MS: 24340.0

Instancia: H&Slin200-1-5.txt, 2025-05-09 22:55:38

Resultado BRKGA 1: 25820 [(250, 250), (250, 250), (250, 250), (250, 250), (250, 250), (250, 250), (247, 250), (243, 250), (250, 250), [235, 250], [234, 250], (248, 250), (250, 250), [230, 250], [229, 250], (250, 250), [227, 250], (250, 250), (248, 250), (250, 250), [216, 220], [216, 220], [215, 220], (250, 250), (250, 250), (250, 250), (250, 250), (250, 250), (250, 250), (250, 250), (248, 250), (248, 250), (247, 250), (250, 250), (250, 250), (249, 250), (249, 250), (242, 250), (250, 250), (250, 250), (250, 250), (250, 250), (248, 250), (250, 250), (250, 250), (250, 250), (250, 250), (250, 250), (245, 250), [189, 190], [189, 190], (250, 250), (250, 250), [187, 190], (250, 250), (247, 250), [183, 190], (250, 250), (249, 250), (248, 250), (250, 250), (220, 220), (249, 250), (249, 250), (249, 250), (250, 250), (219, 220), (219, 220), (250, 250), (250, 250), (242, 250), (240, 250), (250, 250), (250, 250), (250, 250), (249, 250), [159, 160], [157, 160], (250, 250), (250, 250), (249, 250), (220, 220), (250, 250), (250, 250), (250, 250), (220, 220), (249, 250), (250, 250), (249, 250), (250, 250), (245, 250), (244, 250), (242, 250), (241, 250), (250, 250), (250, 250), (250, 250), (248, 250), (250, 250), (207, 220), (235, 250), (227, 250), (226, 250), [130, 130], (250, 250), (245, 250), [121, 130]]
Resultado BRKGA 2: 25820 [(250, 250), (250, 250), (250, 250), (250, 250), (250, 250), (250, 250), (247, 250), (243, 250), (250, 250), [235, 250], [234, 250], (248, 250), (250, 250), [230, 250], [229, 250], (250, 250), [227, 250], (250, 250), (248, 250), (250, 250), [216, 220], [216, 220], [215, 220], (250, 250), (250, 250), (250, 250), (250, 250), (250, 250), (250, 250), (250, 250), (248, 250), (248, 250), (247, 250), (250, 250), (250, 250), (249, 250), (249, 250), (242, 250), (250, 250), (250, 250), (250, 250), (250, 250), (248, 250), (250, 250), (250, 250), (250, 250), (250, 250), (250, 250), (245, 250), [189, 190], [189, 190], (250, 250), (250, 250), [187, 190], (250, 250), (247, 250), [183, 190], (250, 250), (249, 250), (248, 250), (250, 250), (220, 220), (249, 250), (249, 250), (249, 250), (250, 250), (219, 220), (219, 220), (250, 250), (250, 250), (242, 250), (240, 250), (250, 250), (250, 250), (250, 250), (249, 250), [159, 160], [157, 160], (250, 250), (250, 250), (249, 250), (220, 220), (250, 250), (250, 250), (250, 250), (220, 220), (249, 250), (250, 250), (249, 250), (250, 250), (245, 250), (244, 250), (242, 250), (241, 250), (250, 250), (250, 250), (250, 250), (248, 250), (250, 250), (207, 220), (235, 250), (227, 250), (226, 250), [130, 130], (250, 250), (245, 250), [121, 130]]
Resultado BRKGA 3: 25820 [(250, 250), (250, 250), (250, 250), (250, 250), (250, 250), (250, 250), (247, 250), (243, 250), (250, 250), [235, 250], [234, 250], (248, 250), (250, 250), [230, 250], [229, 250], (250, 250), [227, 250], (250, 250), (248, 250), (250, 250), [216, 220], [216, 220], [215, 220], (250, 250), (250, 250), (250, 250), (250, 250), (250, 250), (250, 250), (250, 250), (248, 250), (248, 250), (247, 250), (250, 250), (250, 250), (249, 250), (249, 250), (242, 250), (250, 250), (250, 250), (250, 250), (250, 250), (248, 250), (250, 250), (250, 250), (250, 250), (250, 250), (250, 250), (245, 250), [189, 190], [189, 190], (250, 250), (250, 250), [187, 190], (250, 250), (247, 250), [183, 190], (250, 250), (249, 250), (248, 250), (250, 250), (220, 220), (249, 250), (249, 250), (249, 250), (250, 250), (219, 220), (219, 220), (250, 250), (250, 250), (242, 250), (240, 250), (250, 250), (250, 250), (250, 250), (249, 250), [159, 160], [157, 160], (250, 250), (250, 250), (249, 250), (220, 220), (250, 250), (250, 250), (250, 250), (220, 220), (249, 250), (250, 250), (249, 250), (250, 250), (245, 250), (244, 250), (242, 250), (241, 250), (250, 250), (250, 250), (250, 250), (248, 250), (250, 250), (207, 220), (235, 250), (227, 250), (226, 250), [130, 130], (250, 250), (245, 250), [121, 130]]
Media dos resultados MS: 25820.0

Instancia: H&Slin200-1-6.txt, 2025-05-09 22:55:42

Resultado BRKGA 1: 23910 [(250, 250), (249, 250), (250, 250), (249, 250), (248, 250), (248, 250), (250, 250), (248, 250), (248, 250), (247, 250), (250, 250), (250, 250), (249, 250), (250, 250), (250, 250), (250, 250), (250, 250), (247, 250), (246, 250), (250, 250), (250, 250), [220, 220], (250, 250), (249, 250), (250, 250), (248, 250), (250, 250), (250, 250), (250, 250), (248, 250), (248, 250), (250, 250), (250, 250), (250, 250), (246, 250), (245, 250), (244, 250), (220, 220), (250, 250), (220, 220), (250, 250), (220, 220), (219, 220), (248, 250), (250, 250), (220, 220), (220, 220), (249, 250), (220, 220), (219, 220), (246, 250), (250, 250), (250, 250), (220, 220), (250, 250), (250, 250), (248, 250), (216, 220), (250, 250), (241, 250), (209, 220), (236, 250), (250, 250), (249, 250), (218, 220), [158, 160], (250, 250), (250, 250), (249, 250), (220, 220), (220, 220), (219, 220), (250, 250), (250, 250), (249, 250), (248, 250), (250, 250), (250, 250), (249, 250), (215, 220), (190, 190), (250, 250), (250, 250), (249, 250), (238, 250), (234, 250), (250, 250), (233, 250), (250, 250), (250, 250), (249, 250), (230, 250), (250, 250), (248, 250), (248, 250), (188, 190), (243, 250), (240, 250), [119, 130]]
Resultado BRKGA 2: 23910 [(250, 250), (249, 250), (250, 250), (249, 250), (248, 250), (248, 250), (250, 250), (248, 250), (248, 250), (247, 250), (250, 250), (250, 250), (249, 250), (250, 250), (250, 250), (250, 250), (250, 250), (247, 250), (246, 250), (250, 250), (250, 250), [220, 220], (250, 250), (249, 250), (250, 250), (248, 250), (250, 250), (250, 250), (250, 250), (248, 250), (248, 250), (250, 250), (250, 250), (250, 250), (246, 250), (245, 250), (244, 250), (220, 220), (250, 250), (220, 220), (250, 250), (220, 220), (219, 220), (248, 250), (250, 250), (220, 220), (220, 220), (249, 250), (220, 220), (219, 220), (246, 250), (250, 250), (250, 250), (220, 220), (250, 250), (250, 250), (248, 250), (216, 220), (250, 250), (241, 250), (209, 220), (236, 250), (250, 250), (249, 250), (218, 220), [158, 160], (250, 250), (250, 250), (249, 250), (220, 220), (220, 220), (219, 220), (250, 250), (250, 250), (249, 250), (248, 250), (250, 250), (250, 250), (249, 250), (215, 220), (190, 190), (250, 250), (250, 250), (249, 250), (238, 250), (234, 250), (250, 250), (233, 250), (250, 250), (250, 250), (249, 250), (230, 250), (250, 250), (248, 250), (248, 250), (188, 190), (243, 250), (240, 250), [119, 130]]
Resultado BRKGA 3: 23910 [(250, 250), (249, 250), (250, 250), (249, 250), (248, 250), (248, 250), (250, 250), (248, 250), (248, 250), (247, 250), (250, 250), (250, 250), (249, 250), (250, 250), (250, 250), (250, 250), (250, 250), (247, 250), (246, 250), (250, 250), (250, 250), [220, 220], (250, 250), (249, 250), (250, 250), (248, 250), (250, 250), (250, 250), (250, 250), (248, 250), (248, 250), (250, 250), (250, 250), (250, 250), (246, 250), (245, 250), (244, 250), (220, 220), (250, 250), (220, 220), (250, 250), (220, 220), (219, 220), (248, 250), (250, 250), (220, 220), (220, 220), (249, 250), (220, 220), (219, 220), (246, 250), (250, 250), (250, 250), (220, 220), (250, 250), (250, 250), (248, 250), (216, 220), (250, 250), (241, 250), (209, 220), (236, 250), (250, 250), (249, 250), (218, 220), [158, 160], (250, 250), (250, 250), (249, 250), (220, 220), (220, 220), (219, 220), (250, 250), (250, 250), (249, 250), (248, 250), (250, 250), (250, 250), (249, 250), (215, 220), (190, 190), (250, 250), (250, 250), (249, 250), (238, 250), (234, 250), (250, 250), (233, 250), (250, 250), (250, 250), (249, 250), (230, 250), (250, 250), (248, 250), (248, 250), (188, 190), (243, 250), (240, 250), [119, 130]]
Media dos resultados MS: 23910.0

Instancia: H&Slin200-1-7.txt, 2025-05-09 23:03:25

Resultado BRKGA 1: 28680 [(250, 250), (249, 250), [247, 250], [247, 250], [247, 250], (250, 250), [244, 250], (249, 250), [242, 250], (250, 250), [241, 250], (250, 250), (247, 250), (250, 250), (250, 250), (250, 250), (250, 250), (248, 250), [232, 250], (250, 250), [230, 250], [229, 250], [229, 250], [228, 250], (250, 250), (248, 250), (245, 250), [220, 220], [220, 220], [220, 220], (249, 250), (249, 250), [219, 220], [219, 220], (250, 250), [217, 220], (249, 250), (249, 250), (249, 250), [212, 220], (250, 250), (250, 250), [210, 220], (250, 250), [209, 220], [208, 220], [208, 220], [208, 220], [207, 220], [206, 220], [204, 220], [204, 220], (250, 250), [203, 220], (250, 250), (250, 250), [199, 220], (249, 250), (250, 250), [195, 220], (250, 250), (249, 250), [192, 220], [190, 190], (249, 250), (250, 250), [187, 190], (250, 250), (250, 250), (250, 250), (248, 250), (250, 250), (249, 250), (249, 250), (249, 250), (248, 250), (250, 250), (249, 250), (248, 250), (246, 250), (233, 250), [169, 190], (250, 250), (250, 250), (248, 250), (250, 250), (250, 250), (250, 250), (250, 250), (250, 250), (247, 250), (250, 250), (250, 250), (247, 250), (250, 250), (244, 250), (244, 250), (249, 250), (233, 250), (250, 250), (250, 250), (249, 250), (228, 250), (224, 250), (220, 220), (249, 250), (244, 250), [135, 160], [135, 160], [135, 160], [132, 160], [132, 160], [132, 160], [130, 130], [130, 130], [130, 130], [130, 130], (250, 250), (249, 250), (250, 250), (245, 250), [126, 130], [125, 130]]
Resultado BRKGA 2: 28680 [(250, 250), (249, 250), [247, 250], [247, 250], [247, 250], (250, 250), [244, 250], (249, 250), [242, 250], (250, 250), [241, 250], (250, 250), (247, 250), (250, 250), (250, 250), (250, 250), (250, 250), (248, 250), [232, 250], (250, 250), [230, 250], [229, 250], [229, 250], [228, 250], (250, 250), (248, 250), (245, 250), [220, 220], [220, 220], [220, 220], (249, 250), (249, 250), [219, 220], [219, 220], (250, 250), [217, 220], (249, 250), (249, 250), (249, 250), [212, 220], (250, 250), (250, 250), [210, 220], (250, 250), [209, 220], [208, 220], [208, 220], [208, 220], [207, 220], [206, 220], [204, 220], [204, 220], (250, 250), [203, 220], (250, 250), (250, 250), [199, 220], (249, 250), (250, 250), [195, 220], (250, 250), (249, 250), [192, 220], [190, 190], (249, 250), (250, 250), [187, 190], (250, 250), (250, 250), (250, 250), (248, 250), (250, 250), (249, 250), (249, 250), (249, 250), (248, 250), (250, 250), (249, 250), (248, 250), (246, 250), (233, 250), [169, 190], (250, 250), (250, 250), (248, 250), (250, 250), (250, 250), (250, 250), (250, 250), (250, 250), (247, 250), (250, 250), (250, 250), (247, 250), (250, 250), (244, 250), (244, 250), (249, 250), (233, 250), (250, 250), (250, 250), (249, 250), (228, 250), (224, 250), (220, 220), (249, 250), (244, 250), [135, 160], [135, 160], [135, 160], [132, 160], [132, 160], [132, 160], [130, 130], [130, 130], [130, 130], [130, 130], (250, 250), (249, 250), (250, 250), (245, 250), [126, 130], [125, 130]]
Resultado BRKGA 3: 28680 [(250, 250), (249, 250), [247, 250], [247, 250], [247, 250], (250, 250), [244, 250], (249, 250), [242, 250], (250, 250), [241, 250], (250, 250), (247, 250), (250, 250), (250, 250), (250, 250), (250, 250), (248, 250), [232, 250], (250, 250), [230, 250], [229, 250], [229, 250], [228, 250], (250, 250), (248, 250), (245, 250), [220, 220], [220, 220], [220, 220], (249, 250), (249, 250), [219, 220], [219, 220], (250, 250), [217, 220], (249, 250), (249, 250), (249, 250), [212, 220], (250, 250), (250, 250), [210, 220], (250, 250), [209, 220], [208, 220], [208, 220], [208, 220], [207, 220], [206, 220], [204, 220], [204, 220], (250, 250), [203, 220], (250, 250), (250, 250), [199, 220], (249, 250), (250, 250), [195, 220], (250, 250), (249, 250), [192, 220], [190, 190], (249, 250), (250, 250), [187, 190], (250, 250), (250, 250), (250, 250), (248, 250), (250, 250), (249, 250), (249, 250), (249, 250), (248, 250), (250, 250), (249, 250), (248, 250), (246, 250), (233, 250), [169, 190], (250, 250), (250, 250), (248, 250), (250, 250), (250, 250), (250, 250), (250, 250), (250, 250), (247, 250), (250, 250), (250, 250), (247, 250), (250, 250), (244, 250), (244, 250), (249, 250), (233, 250), (250, 250), (250, 250), (249, 250), (228, 250), (224, 250), (220, 220), (249, 250), (244, 250), [135, 160], [135, 160], [135, 160], [132, 160], [132, 160], [132, 160], [130, 130], [130, 130], [130, 130], [130, 130], (250, 250), (249, 250), (250, 250), (245, 250), [126, 130], [125, 130]]
Media dos resultados MS: 28680.0

Instancia: H&Slin200-1-8.txt, 2025-05-09 23:11:07

Resultado BRKGA 1: 25910 [[250, 250], [250, 250], [250, 250], (250, 250), (250, 250), (250, 250), (250, 250), (250, 250), (245, 250), [239, 250], [239, 250], [239, 250], (250, 250), (249, 250), (250, 250), (250, 250), (249, 250), (246, 250), [232, 250], (250, 250), (250, 250), [231, 250], (250, 250), [229, 250], (250, 250), (249, 250), (248, 250), (250, 250), (250, 250), (249, 250), [221, 250], (248, 250), (246, 250), (250, 250), (249, 250), (249, 250), (250, 250), (249, 250), (250, 250), (250, 250), (248, 250), (250, 250), (250, 250), (250, 250), (248, 250), (250, 250), (250, 250), (249, 250), (250, 250), (250, 250), (250, 250), (245, 250), (245, 250), (245, 250), (220, 220), (249, 250), (250, 250), (219, 220), (220, 220), (248, 250), (250, 250), (249, 250), (215, 220), (213, 220), (239, 250), (237, 250), (230, 250), (250, 250), (250, 250), (220, 220), (250, 250), (249, 250), (248, 250), (218, 220), (245, 250), [160, 160], (250, 250), [159, 160], [159, 160], [159, 160], (250, 250), (250, 250), (250, 250), (250, 250), (249, 250), (242, 250), (241, 250), (250, 250), (250, 250), (239, 250), (249, 250), (236, 250), (250, 250), (250, 250), (250, 250), (250, 250), (230, 250), (250, 250), (228, 250), (250, 250), (250, 250), [130, 130], (250, 250), (250, 250), (248, 250), (214, 220), [120, 130]]
Resultado BRKGA 2: 25910 [[250, 250], [250, 250], [250, 250], (250, 250), (250, 250), (250, 250), (250, 250), (250, 250), (245, 250), [239, 250], [239, 250], [239, 250], (250, 250), (249, 250), (250, 250), (250, 250), (249, 250), (246, 250), [232, 250], (250, 250), (250, 250), [231, 250], (250, 250), [229, 250], (250, 250), (249, 250), (248, 250), (250, 250), (250, 250), (249, 250), [221, 250], (248, 250), (246, 250), (250, 250), (249, 250), (249, 250), (250, 250), (249, 250), (250, 250), (250, 250), (248, 250), (250, 250), (250, 250), (250, 250), (248, 250), (250, 250), (250, 250), (249, 250), (250, 250), (250, 250), (250, 250), (245, 250), (245, 250), (245, 250), (220, 220), (249, 250), (250, 250), (219, 220), (220, 220), (248, 250), (250, 250), (249, 250), (215, 220), (213, 220), (239, 250), (237, 250), (230, 250), (250, 250), (250, 250), (220, 220), (250, 250), (249, 250), (248, 250), (218, 220), (245, 250), [160, 160], (250, 250), [159, 160], [159, 160], [159, 160], (250, 250), (250, 250), (250, 250), (250, 250), (249, 250), (242, 250), (241, 250), (250, 250), (250, 250), (239, 250), (249, 250), (236, 250), (250, 250), (250, 250), (250, 250), (250, 250), (230, 250), (250, 250), (228, 250), (250, 250), (250, 250), [130, 130], (250, 250), (250, 250), (248, 250), (214, 220), [120, 130]]
Resultado BRKGA 3: 25910 [[250, 250], [250, 250], [250, 250], (250, 250), (250, 250), (250, 250), (247, 250), (250, 250), (248, 250), [239, 250], [239, 250], [239, 250], (250, 250), (70, 70), (250, 250), (250, 250), (249, 250), [232, 250], [232, 250], (250, 250), (250, 250), [231, 250], (250, 250), [229, 250], (250, 250), (249, 250), (248, 250), (250, 250), (250, 250), (249, 250), [221, 250], (248, 250), (246, 250), (250, 250), (249, 250), (249, 250), (250, 250), (249, 250), (250, 250), (250, 250), (248, 250), (250, 250), (250, 250), (250, 250), (248, 250), (250, 250), (147, 160), [191, 220], [189, 190], (161, 190), (250, 250), (250, 250), (245, 250), (245, 250), (212, 250), (220, 220), (249, 250), (250, 250), (219, 220), (220, 220), (248, 250), (250, 250), (249, 250), (207, 220), [169, 190], [169, 190], (239, 250), (237, 250), (230, 250), (250, 250), (250, 250), (220, 220), (250, 250), (249, 250), (248, 250), [57, 130], [161, 190], (175, 220), [160, 160], [159, 160], [159, 160], [159, 160], [159, 160], [156, 160], (189, 220), [155, 160], [237, 250], (250, 250), (245, 250), [148, 160], [194, 250], [101, 130], (241, 250), (241, 250), (250, 250), (250, 250), (238, 250), (249, 250), (236, 250), (250, 250), (250, 250), (250, 250), (250, 250), (229, 250), (250, 250), [136, 250], (250, 250), (250, 250), [130, 130], (250, 250), (250, 250), (248, 250), (214, 220), [120, 130]]
Media dos resultados MS: 25910.0

Instancia: H&Slin200-1-9.txt, 2025-05-09 23:18:48

Resultado BRKGA 1: 24940 [[250, 250], (250, 250), (250, 250), (250, 250), (250, 250), (249, 250), (250, 250), (250, 250), (249, 250), (250, 250), (250, 250), (248, 250), (250, 250), (249, 250), (249, 250), (250, 250), (250, 250), (250, 250), (245, 250), (239, 250), (238, 250), [223, 250], [223, 250], [223, 250], [223, 250], [222, 250], [222, 250], [222, 250], [221, 250], [220, 220], (248, 250), (250, 250), (248, 250), (248, 250), (250, 250), (250, 250), (248, 250), (250, 250), (249, 250), (249, 250), (249, 250), (245, 250), (243, 250), (240, 250), (250, 250), (238, 250), (237, 250), (250, 250), (250, 250), (250, 250), (250, 250), (249, 250), (250, 250), (249, 250), (220, 220), (220, 220), (250, 250), (219, 220), (220, 220), (250, 250), (250, 250), (247, 250), (250, 250), (250, 250), (250, 250), (250, 250), (248, 250), (250, 250), (250, 250), (220, 220), (250, 250), [160, 160], (250, 250), (249, 250), (250, 250), (250, 250), (250, 250), (247, 250), (220, 220), (216, 220), (250, 250), (250, 250), (218, 220), (217, 220), (250, 250), (215, 220), (244, 250), (249, 250), (250, 250), (218, 220), (250, 250), (250, 250), (190, 190), (240, 250), (238, 250), (233, 250), (202, 220), (190, 190), (189, 190), (198, 220), (249, 250), (173, 190), (166, 190)]
Resultado BRKGA 2: 24940 [[250, 250], (250, 250), (250, 250), (250, 250), (250, 250), (249, 250), (250, 250), (250, 250), (249, 250), (250, 250), (250, 250), (248, 250), (250, 250), (249, 250), (249, 250), (250, 250), (250, 250), (250, 250), (245, 250), (239, 250), (238, 250), [223, 250], [223, 250], [223, 250], [223, 250], [222, 250], [222, 250], [222, 250], [221, 250], [220, 220], (248, 250), (250, 250), (248, 250), (248, 250), (250, 250), (250, 250), (248, 250), (250, 250), (249, 250), (249, 250), (249, 250), (245, 250), (243, 250), (240, 250), (250, 250), (238, 250), (237, 250), (250, 250), (250, 250), (250, 250), (250, 250), (249, 250), (250, 250), (249, 250), (220, 220), (220, 220), (250, 250), (219, 220), (220, 220), (250, 250), (250, 250), (247, 250), (250, 250), (250, 250), (250, 250), (250, 250), (248, 250), (250, 250), (250, 250), (220, 220), (250, 250), [160, 160], (250, 250), (249, 250), (250, 250), (250, 250), (250, 250), (247, 250), (220, 220), (216, 220), (250, 250), (250, 250), (218, 220), (217, 220), (250, 250), (215, 220), (244, 250), (249, 250), (250, 250), (218, 220), (250, 250), (250, 250), (190, 190), (240, 250), (238, 250), (233, 250), (202, 220), (190, 190), (189, 190), (198, 220), (249, 250), (173, 190), (166, 190)]
Resultado BRKGA 3: 24940 [[250, 250], (250, 250), (250, 250), (250, 250), (250, 250), (249, 250), (250, 250), (250, 250), (249, 250), (250, 250), (250, 250), (248, 250), (250, 250), (249, 250), (249, 250), (250, 250), (250, 250), (250, 250), (245, 250), (239, 250), (238, 250), [223, 250], [223, 250], [223, 250], [223, 250], [222, 250], [222, 250], [222, 250], [221, 250], [220, 220], (248, 250), (250, 250), (248, 250), (248, 250), (250, 250), (250, 250), (248, 250), (250, 250), (249, 250), (249, 250), (249, 250), (245, 250), (243, 250), (240, 250), (250, 250), (238, 250), (237, 250), (250, 250), (250, 250), (250, 250), (250, 250), (249, 250), (250, 250), (249, 250), (220, 220), (220, 220), (250, 250), (219, 220), (220, 220), (250, 250), (250, 250), (247, 250), (250, 250), (250, 250), (250, 250), (250, 250), (248, 250), (250, 250), (250, 250), (220, 220), (250, 250), [160, 160], (250, 250), (249, 250), (250, 250), (250, 250), (250, 250), (247, 250), (220, 220), (216, 220), (250, 250), (250, 250), (218, 220), (217, 220), (250, 250), (215, 220), (244, 250), (249, 250), (250, 250), (218, 220), (250, 250), (250, 250), (190, 190), (240, 250), (238, 250), (233, 250), (202, 220), (190, 190), (189, 190), (198, 220), (249, 250), (173, 190), (166, 190)]
Media dos resultados MS: 24940.0

Instancia: H&Slin200-1-10.txt, 2025-05-09 23:26:28

Resultado BRKGA 1: 25860 [[250, 250], [250, 250], [249, 250], (249, 250), [245, 250], [244, 250], (250, 250), (248, 250), (250, 250), (249, 250), (250, 250), (247, 250), (246, 250), (250, 250), (250, 250), (250, 250), (249, 250), (250, 250), (250, 250), (250, 250), (249, 250), (250, 250), (247, 250), (246, 250), (250, 250), (250, 250), [220, 220], (249, 250), (249, 250), (247, 250), (250, 250), (245, 250), (250, 250), (250, 250), (250, 250), (250, 250), (250, 250), (250, 250), (249, 250), (246, 250), (241, 250), (249, 250), (249, 250), (248, 250), (250, 250), (249, 250), (248, 250), (224, 250), (250, 250), (250, 250), [191, 220], (250, 250), (248, 250), (247, 250), (249, 250), [184, 190], (250, 250), (249, 250), (247, 250), (250, 250), (246, 250), (250, 250), (244, 250), (244, 250), (244, 250), (250, 250), [173, 190], [171, 190], [171, 190], (249, 250), (249, 250), (245, 250), [164, 190], (249, 250), (250, 250), [160, 160], [160, 160], (249, 250), (250, 250), (247, 250), (247, 250), (246, 250), (250, 250), (250, 250), (250, 250), (249, 250), (250, 250), (250, 250), (247, 250), (247, 250), (246, 250), (249, 250), (250, 250), (228, 250), (249, 250), (249, 250), [136, 160], [135, 160], (249, 250), [133, 160], [132, 160], (250, 250), (250, 250), [130, 130], (246, 250), (240, 250), (239, 250), [119, 130]]
Resultado BRKGA 2: 25860 [[250, 250], [250, 250], [249, 250], (249, 250), [245, 250], [244, 250], (250, 250), (248, 250), (250, 250), (249, 250), (250, 250), (247, 250), (246, 250), (250, 250), (250, 250), (250, 250), (249, 250), (250, 250), (250, 250), (250, 250), (249, 250), (250, 250), (247, 250), (246, 250), (250, 250), (250, 250), [220, 220], (249, 250), (249, 250), (247, 250), (250, 250), (245, 250), (250, 250), (250, 250), (250, 250), (250, 250), (250, 250), (250, 250), (249, 250), (246, 250), (241, 250), (249, 250), (249, 250), (248, 250), (250, 250), (249, 250), (248, 250), (224, 250), (250, 250), (250, 250), [191, 220], (250, 250), (248, 250), (247, 250), (249, 250), [184, 190], (250, 250), (249, 250), (247, 250), (250, 250), (246, 250), (250, 250), (244, 250), (244, 250), (244, 250), (250, 250), [173, 190], [171, 190], [171, 190], (249, 250), (249, 250), (245, 250), [164, 190], (249, 250), (250, 250), [160, 160], [160, 160], (249, 250), (250, 250), (247, 250), (247, 250), (246, 250), (250, 250), (250, 250), (250, 250), (249, 250), (250, 250), (250, 250), (247, 250), (247, 250), (246, 250), (249, 250), (250, 250), (228, 250), (249, 250), (249, 250), [136, 160], [135, 160], (249, 250), [133, 160], [132, 160], (250, 250), (250, 250), [130, 130], (246, 250), (240, 250), (239, 250), [119, 130]]
Resultado BRKGA 3: 25860 [[250, 250], [250, 250], [249, 250], (249, 250), [245, 250], [244, 250], (250, 250), (248, 250), (250, 250), (249, 250), (250, 250), (247, 250), (246, 250), (250, 250), (250, 250), (250, 250), (249, 250), (250, 250), (250, 250), (250, 250), (249, 250), (250, 250), (247, 250), (246, 250), (250, 250), (250, 250), [220, 220], (249, 250), (249, 250), (247, 250), (250, 250), (245, 250), (250, 250), (250, 250), (250, 250), (250, 250), (250, 250), (250, 250), (249, 250), (246, 250), (241, 250), (249, 250), (249, 250), (248, 250), (250, 250), (249, 250), (248, 250), (224, 250), (250, 250), (250, 250), [191, 220], (250, 250), (248, 250), (247, 250), (249, 250), [184, 190], (250, 250), (249, 250), (247, 250), (250, 250), (246, 250), (250, 250), (244, 250), (244, 250), (244, 250), (250, 250), [173, 190], [171, 190], [171, 190], (249, 250), (249, 250), (245, 250), [164, 190], (249, 250), (250, 250), [160, 160], [160, 160], (249, 250), (250, 250), (247, 250), (247, 250), (246, 250), (250, 250), (250, 250), (250, 250), (249, 250), (250, 250), (250, 250), (247, 250), (247, 250), (246, 250), (249, 250), (250, 250), (228, 250), (249, 250), (249, 250), [136, 160], [135, 160], (249, 250), [133, 160], [132, 160], (250, 250), (250, 250), [130, 130], (246, 250), (240, 250), (239, 250), [119, 130]]
Media dos resultados MS: 25860.0

Instancia: H&Slin500-1-1.txt, 2025-05-09 23:34:11

Resultado BRKGA 1: 61910 [[250, 250], (250, 250), (188, 190), (249, 250), (250, 250), (249, 250), (250, 250), (249, 250), (250, 250), (249, 250), (250, 250), (220, 220), (250, 250), (249, 250), (250, 250), [237, 250], (250, 250), (250, 250), (250, 250), (250, 250), (250, 250), (220, 220), (247, 250), [39, 70], (250, 250), (250, 250), [232, 250], [235, 250], (250, 250), (250, 250), (70, 70), (250, 250), (250, 250), (70, 70), (250, 250), (70, 70), (249, 250), (250, 250), (250, 250), (250, 250), (250, 250), (248, 250), (250, 250), [123, 130], (249, 250), (250, 250), [248, 250], [189, 190], (250, 250), (250, 250), (250, 250), (250, 250), [224, 250], [223, 250], [223, 250], [223, 250], [223, 250], (250, 250), [222, 250], [222, 250], (250, 250), (250, 250), (248, 250), (250, 250), (160, 160), [218, 220], [217, 220], [217, 220], [217, 220], (250, 250), (183, 190), [215, 220], [77, 100], (250, 250), (250, 250), (250, 250), [235, 250], (250, 250), (248, 250), [214, 250], [214, 220], (250, 250), [213, 220], (250, 250), [54, 70], [212, 220], (153, 190), [212, 220], (250, 250), (123, 160), [208, 220], [208, 220], (170, 190), (196, 220), [207, 250], [205, 220], [218, 250], (250, 250), [204, 220], [203, 220], [203, 220], (142, 160), [203, 220], [202, 220], [201, 220], (150, 160), [201, 220], (250, 250), (250, 250), (250, 250), (248, 250), [200, 220], (250, 250), (250, 250), (250, 250), (250, 250), (220, 220), [197, 220], [195, 220], (156, 160), [194, 220], [194, 220], (157, 160), [200, 220], (250, 250), [192, 220], (177, 220), [190, 190], [190, 190], [189, 190], [145, 160], (183, 190), [189, 190], [189, 220], [188, 190], [188, 190], [62, 70], [187, 190], (190, 190), [186, 190], [186, 190], [185, 190], (250, 250), (250, 250), (207, 220), [183, 190], [182, 190], (185, 190), [182, 190], (250, 250), [208, 220], [181, 190], (220, 220), (219, 220), [180, 190], [178, 190], [178, 190], [214, 220], (213, 220), [178, 190], (245, 250), (247, 250), [195, 220], (250, 250), [177, 190], [177, 190], [176, 190], [175, 190], [175, 190], (249, 250), (217, 220), (249, 250), [172, 190], (207, 220), (250, 250), (250, 250), (250, 250), [171, 190], (158, 160), [170, 190], [170, 190], (206, 220), [170, 190], (228, 250), (228, 250), (250, 250), [168, 190], [165, 190], (250, 250), (210, 220), (211, 220), [84, 100], (250, 250), (250, 250), (248, 250), (249, 250), [163, 190], (237, 250), (220, 220), [162, 190], [162, 190], (217, 220), (218, 220), [91, 100], [159, 160], (181, 220), [159, 160], [158, 160], (185, 220), [157, 160], (205, 220), [93, 100], (242, 250), [157, 160], (184, 220), (250, 250), [156, 190], [94, 100], (244, 250), (244, 250), (220, 250), (250, 250), (219, 220), [96, 100], (249, 250), (220, 250), (250, 250), (217, 220), [149, 160], (205, 220), (219, 220), (250, 250), (250, 250), (250, 250), (250, 250), [146, 160], [145, 160], [103, 130], (250, 250), [116, 130], (210, 220), (215, 220), (246, 250), (250, 250), (250, 250), (223, 250), [141, 160], (219, 220), [140, 160], [140, 160], (212, 220), [139, 160], (225, 250), (220, 220), (220, 220), (220, 220), (219, 220), [113, 130], (218, 220), [114, 130], [134, 160], (250, 250), (220, 220), (243, 250), [133, 160], [117, 130], (250, 250), (249, 250), (218, 220), [130, 130], [130, 130], [129, 130], [130, 130], [121, 130], (249, 250), (249, 250), [129, 130], [128, 130], (249, 250), (250, 250), [220, 220], [125, 130], (249, 250), [124, 130], [123, 130], [123, 130], (245, 250), [122, 190], [118, 130], [116, 130], [98, 100], (214, 220), (213, 220), [232, 250], [115, 220], [115, 130], (220, 250), [112, 220], (224, 250), [111, 160], [109, 130], (219, 220), [243, 250], [109, 130]]
Resultado BRKGA 2: 61910 [[250, 250], (250, 250), (250, 250), (250, 250), (250, 250), (250, 250), (250, 250), (250, 250), (249, 250), (250, 250), (247, 250), (250, 250), (250, 250), (250, 250), (250, 250), (248, 250), (250, 250), (250, 250), (250, 250), (250, 250), (250, 250), (250, 250), (250, 250), (248, 250), (250, 250), (250, 250), (246, 250), (243, 250), (250, 250), (250, 250), (250, 250), (250, 250), (250, 250), (250, 250), (250, 250), (250, 250), (250, 250), (250, 250), (248, 250), (250, 250), (250, 250), (249, 250), (250, 250), (250, 250), (250, 250), (250, 250), (244, 250), (250, 250), (233, 250), [223, 250], [223, 250], (250, 250), (250, 250), [222, 250], [220, 220], [220, 220], [220, 220], (249, 250), (250, 250), (250, 250), (248, 250), (250, 250), (250, 250), (250, 250), (250, 250), (250, 250), (250, 250), (250, 250), (250, 250), (250, 250), (250, 250), (248, 250), (244, 250), (244, 250), (250, 250), [213, 220], (250, 250), (250, 250), (241, 250), (250, 250), (250, 250), (249, 250), (248, 250), (248, 250), (250, 250), (250, 250), (250, 250), (250, 250), (250, 250), (250, 250), (250, 250), (250, 250), (250, 250), (250, 250), (250, 250), (250, 250), (248, 250), (248, 250), (248, 250), (250, 250), (250, 250), (250, 250), (250, 250), (250, 250), (249, 250), (249, 250), (250, 250), (250, 250), (250, 250), (250, 250), (250, 250), (250, 250), [190, 190], [190, 190], [190, 190], (250, 250), (250, 250), (249, 250), [189, 190], (250, 250), (250, 250), (249, 250), (250, 250), (250, 250), (244, 250), (250, 250), (250, 250), (249, 250), (250, 250), (250, 250), (220, 220), (220, 220), (220, 220), (220, 220), (220, 220), (249, 250), (250, 250), (250, 250), (250, 250), (250, 250), (250, 250), (250, 250), (246, 250), (220, 220), (220, 220), (220, 220), (250, 250), (249, 250), (250, 250), (250, 250), (250, 250), (250, 250), (250, 250), (250, 250), (250, 250), (250, 250), (249, 250), (248, 250), (246, 250), (216, 220), (216, 220), (250, 250), (220, 220), (220, 220), (250, 250), (250, 250), (250, 250), (250, 250), (249, 250), (248, 250), (248, 250), (250, 250), (220, 220), (220, 220), (250, 250), (250, 250), (250, 250), (250, 250), (249, 250), (250, 250), (250, 250), (250, 250), (247, 250), (250, 250), (250, 250), (250, 250), (244, 250), (244, 250), (220, 220), (250, 250), (249, 250), (249, 250), (220, 220), (250, 250), (250, 250), (249, 250), (250, 250), (250, 250), (250, 250), (190, 190), (250, 250), (250, 250), (248, 250), (250, 250), (250, 250), (246, 250), (250, 250), (250, 250), (250, 250), (250, 250), (250, 250), (250, 250), (250, 250), (220, 220), (220, 220), (220, 220), (220, 220), (220, 220), (250, 250), (250, 250), (220, 220), (250, 250), (220, 220), (250, 250), (250, 250), (249, 250), [130, 130], [130, 130], [130, 130], [130, 130], (250, 250), (249, 250), (249, 250), [129, 130], (250, 250), (250, 250), (250, 250), (250, 250), (190, 190), (190, 190), (246, 250), (245, 250), (190, 190), (220, 220), (218, 220), (214, 220), (214, 220), (213, 220), (203, 220), (230, 250), (220, 220), (224, 250), (224, 250), (220, 220), (219, 220), (191, 220), [82, 100]]
Resultado BRKGA 3: 61910 [[250, 250], (250, 250), (250, 250), (250, 250), (250, 250), (250, 250), (250, 250), (250, 250), (249, 250), (250, 250), (247, 250), (250, 250), (250, 250), (250, 250), (250, 250), (248, 250), (250, 250), (250, 250), (250, 250), (250, 250), (250, 250), (250, 250), (250, 250), (248, 250), (250, 250), (250, 250), (246, 250), (243, 250), (250, 250), (250, 250), (250, 250), (250, 250), (250, 250), (250, 250), (250, 250), (250, 250), (250, 250), (250, 250), (248, 250), (250, 250), (250, 250), (249, 250), (250, 250), (250, 250), (250, 250), (250, 250), (244, 250), (250, 250), (233, 250), [223, 250], [223, 250], (250, 250), (250, 250), [222, 250], [220, 220], [220, 220], [220, 220], (249, 250), (250, 250), (250, 250), (248, 250), (250, 250), (250, 250), (250, 250), (250, 250), (250, 250), (250, 250), (250, 250), (250, 250), (250, 250), (250, 250), (248, 250), (244, 250), (244, 250), (250, 250), [213, 220], (250, 250), (250, 250), (241, 250), (250, 250), (250, 250), (249, 250), (248, 250), (248, 250), (250, 250), (250, 250), (250, 250), (250, 250), (250, 250), (250, 250), (250, 250), (250, 250), (250, 250), (250, 250), (250, 250), (250, 250), (248, 250), (248, 250), (248, 250), (250, 250), (250, 250), (250, 250), (250, 250), (250, 250), (249, 250), (249, 250), (250, 250), (250, 250), (250, 250), (250, 250), (250, 250), (250, 250), [190, 190], [190, 190], [190, 190], (250, 250), (250, 250), (249, 250), [189, 190], (250, 250), (250, 250), (249, 250), (250, 250), (250, 250), (244, 250), (250, 250), (250, 250), (249, 250), (250, 250), (250, 250), (220, 220), (220, 220), (220, 220), (220, 220), (220, 220), (249, 250), (250, 250), (250, 250), (250, 250), (250, 250), (250, 250), (250, 250), (246, 250), (220, 220), (220, 220), (220, 220), (250, 250), (249, 250), (250, 250), (250, 250), (250, 250), (250, 250), (250, 250), (250, 250), (250, 250), (250, 250), (249, 250), (248, 250), (246, 250), (216, 220), (216, 220), (250, 250), (220, 220), (220, 220), (250, 250), (250, 250), (250, 250), (250, 250), (249, 250), (248, 250), (248, 250), (250, 250), (220, 220), (220, 220), (250, 250), (250, 250), (250, 250), (250, 250), (249, 250), (250, 250), (250, 250), (250, 250), (247, 250), (250, 250), (250, 250), (250, 250), (244, 250), (244, 250), (220, 220), (250, 250), (249, 250), (249, 250), (220, 220), (250, 250), (250, 250), (249, 250), (250, 250), (250, 250), (250, 250), (190, 190), (250, 250), (250, 250), (248, 250), (250, 250), (250, 250), (246, 250), (250, 250), (250, 250), (250, 250), (250, 250), (250, 250), (250, 250), (250, 250), (220, 220), (220, 220), (220, 220), (220, 220), (220, 220), (250, 250), (250, 250), (220, 220), (250, 250), (220, 220), (250, 250), (250, 250), (249, 250), [130, 130], [130, 130], [130, 130], [130, 130], (250, 250), (249, 250), (249, 250), [129, 130], (250, 250), (250, 250), (250, 250), (250, 250), (190, 190), (190, 190), (246, 250), (245, 250), (190, 190), (220, 220), (218, 220), (214, 220), (214, 220), (213, 220), (203, 220), (230, 250), (220, 220), (224, 250), (224, 250), (220, 220), (219, 220), (191, 220), [82, 100]]
Media dos resultados MS: 61910.0

Instancia: H&Slin500-1-2.txt, 2025-05-09 23:42:29

Resultado BRKGA 1: 62200 [(250, 250), (250, 250), [249, 250], (250, 250), (250, 250), (250, 250), [247, 250], [247, 250], [247, 250], [247, 250], (250, 250), (250, 250), (249, 250), (250, 250), (250, 250), [244, 250], (250, 250), (250, 250), (250, 250), (249, 250), (250, 250), (250, 250), (250, 250), (250, 250), (250, 250), (249, 250), (250, 250), (247, 250), (247, 250), (250, 250), (250, 250), (250, 250), (250, 250), (250, 250), (250, 250), (250, 250), (248, 250), (244, 250), (250, 250), (250, 250), (250, 250), (250, 250), (250, 250), (250, 250), (250, 250), (250, 250), (250, 250), (249, 250), (250, 250), (250, 250), (248, 250), (250, 250), (250, 250), (250, 250), (250, 250), (250, 250), (250, 250), (250, 250), (250, 250), (248, 250), (247, 250), (246, 250), (250, 250), (245, 250), (250, 250), (250, 250), (249, 250), (250, 250), (250, 250), (250, 250), (250, 250), (250, 250), (247, 250), (250, 250), (246, 250), (237, 250), (250, 250), (250, 250), (250, 250), (250, 250), (250, 250), (250, 250), (250, 250), (250, 250), (233, 250), (233, 250), (233, 250), (233, 250), (249, 250), (249, 250), (230, 250), (250, 250), (229, 250), (250, 250), (250, 250), (249, 250), (249, 250), (220, 220), (250, 250), (249, 250), (250, 250), (250, 250), (250, 250), (249, 250), (247, 250), (245, 250), (250, 250), (250, 250), (250, 250), (249, 250), (248, 250), (242, 250), [190, 190], (250, 250), (250, 250), (250, 250), (250, 250), (250, 250), (250, 250), (250, 250), (249, 250), (248, 250), (246, 250), (250, 250), (249, 250), (250, 250), (250, 250), (250, 250), (250, 250), (250, 250), (250, 250), (250, 250), (250, 250), (250, 250), (249, 250), (250, 250), (250, 250), (250, 250), (249, 250), (250, 250), (250, 250), (250, 250), (248, 250), (248, 250), (246, 250), (250, 250), (250, 250), (250, 250), (250, 250), (243, 250), (250, 250), (250, 250), (238, 250), (250, 250), (250, 250), (220, 220), (220, 220), (220, 220), (250, 250), (250, 250), (250, 250), (250, 250), (250, 250), (250, 250), (250, 250), (250, 250), (250, 250), (249, 250), (249, 250), (248, 250), (250, 250), [160, 160], [160, 160], [160, 160], [160, 160], [160, 160], (250, 250), (250, 250), (249, 250), (250, 250), (250, 250), (250, 250), (250, 250), (247, 250), (217, 220), (217, 220), (250, 250), (250, 250), (250, 250), (250, 250), (250, 250), (250, 250), (250, 250), (250, 250), (250, 250), (249, 250), (250, 250), (250, 250), (248, 250), (250, 250), (250, 250), (250, 250), (250, 250), (249, 250), (244, 250), (250, 250), (250, 250), (250, 250), (241, 250), (241, 250), (211, 220), (211, 220), (250, 250), (250, 250), (250, 250), (250, 250), (220, 220), (220, 220), (220, 220), (220, 220), (220, 220), (220, 220), (250, 250), (249, 250), (220, 220), (220, 220), (250, 250), (247, 250), (247, 250), (245, 250), (245, 250), (215, 220), (250, 250), (214, 220), (250, 250), (250, 250), (213, 220), (241, 250), [130, 130], [130, 130], [130, 130], [130, 130], [130, 130], (250, 250), (250, 250), (248, 250), (250, 250), (220, 220), (250, 250), (250, 250), (250, 250), (249, 250), (246, 250), (220, 220), (248, 250), (169, 190)]
Resultado BRKGA 2: 62200 [(250, 250), (250, 250), [249, 250], (250, 250), (250, 250), (250, 250), [247, 250], [247, 250], [247, 250], [247, 250], (250, 250), (250, 250), (249, 250), (250, 250), (250, 250), [244, 250], (250, 250), (250, 250), (250, 250), (249, 250), (250, 250), (250, 250), (250, 250), (250, 250), (250, 250), (249, 250), (250, 250), (247, 250), (247, 250), (250, 250), (250, 250), (250, 250), (250, 250), (250, 250), (250, 250), (250, 250), (248, 250), (244, 250), (250, 250), (250, 250), (250, 250), (250, 250), (250, 250), (250, 250), (250, 250), (250, 250), (250, 250), (249, 250), (250, 250), (250, 250), (248, 250), (250, 250), (250, 250), (250, 250), (250, 250), (250, 250), (250, 250), (250, 250), (250, 250), (248, 250), (247, 250), (246, 250), (250, 250), (245, 250), (250, 250), (250, 250), (249, 250), (250, 250), (250, 250), (250, 250), (250, 250), (250, 250), (247, 250), (250, 250), (246, 250), (237, 250), (250, 250), (250, 250), (250, 250), (250, 250), (250, 250), (250, 250), (250, 250), (250, 250), (233, 250), (233, 250), (233, 250), (233, 250), (249, 250), (249, 250), (230, 250), (250, 250), (229, 250), (250, 250), (250, 250), (249, 250), (249, 250), (220, 220), (250, 250), (249, 250), (250, 250), (250, 250), (250, 250), (249, 250), (247, 250), (245, 250), (250, 250), (250, 250), (250, 250), (249, 250), (248, 250), (242, 250), [190, 190], (250, 250), (250, 250), (250, 250), (250, 250), (250, 250), (250, 250), (250, 250), (249, 250), (248, 250), (246, 250), (250, 250), (249, 250), (250, 250), (250, 250), (250, 250), (250, 250), (250, 250), (250, 250), (250, 250), (250, 250), (250, 250), (249, 250), (250, 250), (250, 250), (250, 250), (249, 250), (250, 250), (250, 250), (250, 250), (248, 250), (248, 250), (246, 250), (250, 250), (250, 250), (250, 250), (250, 250), (243, 250), (250, 250), (250, 250), (238, 250), (250, 250), (250, 250), (220, 220), (220, 220), (220, 220), (250, 250), (250, 250), (250, 250), (250, 250), (250, 250), (250, 250), (250, 250), (250, 250), (250, 250), (249, 250), (249, 250), (248, 250), (250, 250), [160, 160], [160, 160], [160, 160], [160, 160], [160, 160], (250, 250), (250, 250), (249, 250), (250, 250), (250, 250), (250, 250), (250, 250), (247, 250), (217, 220), (217, 220), (250, 250), (250, 250), (250, 250), (250, 250), (250, 250), (250, 250), (250, 250), (250, 250), (250, 250), (249, 250), (250, 250), (250, 250), (248, 250), (250, 250), (250, 250), (250, 250), (250, 250), (249, 250), (244, 250), (250, 250), (250, 250), (250, 250), (241, 250), (241, 250), (211, 220), (211, 220), (250, 250), (250, 250), (250, 250), (250, 250), (220, 220), (220, 220), (220, 220), (220, 220), (220, 220), (220, 220), (250, 250), (249, 250), (220, 220), (220, 220), (250, 250), (247, 250), (247, 250), (245, 250), (245, 250), (215, 220), (250, 250), (214, 220), (250, 250), (250, 250), (213, 220), (241, 250), [130, 130], [130, 130], [130, 130], [130, 130], [130, 130], (250, 250), (250, 250), (248, 250), (250, 250), (220, 220), (250, 250), (250, 250), (250, 250), (249, 250), (246, 250), (220, 220), (248, 250), (169, 190)]
Resultado BRKGA 3: 62200 [(250, 250), (250, 250), [249, 250], (250, 250), (250, 250), (250, 250), [247, 250], [247, 250], [247, 250], [247, 250], (250, 250), (250, 250), (249, 250), (250, 250), (250, 250), [244, 250], (250, 250), (250, 250), (250, 250), (249, 250), (250, 250), (250, 250), (250, 250), (250, 250), (250, 250), (249, 250), (250, 250), (247, 250), (247, 250), (250, 250), (250, 250), (250, 250), (250, 250), (250, 250), (250, 250), (250, 250), (248, 250), (244, 250), (250, 250), (250, 250), (250, 250), (250, 250), (250, 250), (250, 250), (250, 250), (250, 250), (250, 250), (249, 250), (250, 250), (250, 250), (248, 250), (250, 250), (250, 250), (250, 250), (250, 250), (250, 250), (250, 250), (250, 250), (250, 250), (248, 250), (247, 250), (246, 250), (250, 250), (245, 250), (250, 250), (250, 250), (249, 250), (250, 250), (250, 250), (250, 250), (250, 250), (250, 250), (247, 250), (250, 250), (246, 250), (237, 250), (250, 250), (250, 250), (250, 250), (250, 250), (250, 250), (250, 250), (250, 250), (250, 250), (233, 250), (233, 250), (233, 250), (233, 250), (249, 250), (249, 250), (230, 250), (250, 250), (229, 250), (250, 250), (250, 250), (249, 250), (249, 250), (220, 220), (250, 250), (249, 250), (250, 250), (250, 250), (250, 250), (249, 250), (247, 250), (245, 250), (250, 250), (250, 250), (250, 250), (249, 250), (248, 250), (242, 250), [190, 190], (250, 250), (250, 250), (250, 250), (250, 250), (250, 250), (250, 250), (250, 250), (249, 250), (248, 250), (246, 250), (250, 250), (249, 250), (250, 250), (250, 250), (250, 250), (250, 250), (250, 250), (250, 250), (250, 250), (250, 250), (250, 250), (249, 250), (250, 250), (250, 250), (250, 250), (249, 250), (250, 250), (250, 250), (250, 250), (248, 250), (248, 250), (246, 250), (250, 250), (250, 250), (250, 250), (250, 250), (243, 250), (250, 250), (250, 250), (238, 250), (250, 250), (250, 250), (220, 220), (220, 220), (220, 220), (250, 250), (250, 250), (250, 250), (250, 250), (250, 250), (250, 250), (250, 250), (250, 250), (250, 250), (249, 250), (249, 250), (248, 250), (250, 250), [160, 160], [160, 160], [160, 160], [160, 160], [160, 160], (250, 250), (250, 250), (249, 250), (250, 250), (250, 250), (250, 250), (250, 250), (247, 250), (217, 220), (217, 220), (250, 250), (250, 250), (250, 250), (250, 250), (250, 250), (250, 250), (250, 250), (250, 250), (250, 250), (249, 250), (250, 250), (250, 250), (248, 250), (250, 250), (250, 250), (250, 250), (250, 250), (249, 250), (244, 250), (250, 250), (250, 250), (250, 250), (241, 250), (241, 250), (211, 220), (211, 220), (250, 250), (250, 250), (250, 250), (250, 250), (220, 220), (220, 220), (220, 220), (220, 220), (220, 220), (220, 220), (250, 250), (249, 250), (220, 220), (220, 220), (250, 250), (247, 250), (247, 250), (245, 250), (245, 250), (215, 220), (250, 250), (214, 220), (250, 250), (250, 250), (213, 220), (241, 250), [130, 130], [130, 130], [130, 130], [130, 130], [130, 130], (250, 250), (250, 250), (248, 250), (250, 250), (220, 220), (250, 250), (250, 250), (250, 250), (249, 250), (246, 250), (220, 220), (248, 250), (169, 190)]
Media dos resultados MS: 62200.0

Instancia: H&Slin500-1-3.txt, 2025-05-09 23:51:10

Resultado BRKGA 1: 66830 [[250, 250], [250, 250], (250, 250), (250, 250), [249, 250], [249, 250], [249, 250], (250, 250), (250, 250), (249, 250), (249, 250), [246, 250], [245, 250], [245, 250], (250, 250), (250, 250), (250, 250), (248, 250), [242, 250], (250, 250), [241, 250], (250, 250), [239, 250], (250, 250), (250, 250), (250, 250), (250, 250), (250, 250), (250, 250), (250, 250), (250, 250), (250, 250), (250, 250), (247, 250), (250, 250), (246, 250), [234, 250], [234, 250], [234, 250], [234, 250], (250, 250), (250, 250), (250, 250), (250, 250), [233, 250], (250, 250), [231, 250], (250, 250), (250, 250), (250, 250), [229, 250], [228, 250], [228, 250], [228, 250], [228, 250], (250, 250), [227, 250], [227, 250], (250, 250), (250, 250), (250, 250), (250, 250), (249, 250), (250, 250), (250, 250), (250, 250), (250, 250), (250, 250), (246, 250), [220, 220], [220, 220], [220, 220], (249, 250), (249, 250), (249, 250), (250, 250), (250, 250), [217, 220], (250, 250), [216, 220], [216, 220], [216, 220], [216, 220], (250, 250), (250, 250), [215, 220], [215, 220], [215, 220], [215, 220], [215, 220], (250, 250), (250, 250), (250, 250), (250, 250), [213, 220], [213, 220], (250, 250), (250, 250), (250, 250), (250, 250), (249, 250), (250, 250), (250, 250), (249, 250), (250, 250), (245, 250), (244, 250), (250, 250), (250, 250), (250, 250), (250, 250), (241, 250), [203, 220], [203, 220], [203, 220], [203, 220], (250, 250), (250, 250), (250, 250), (250, 250), (249, 250), (247, 250), [199, 220], [199, 220], [198, 220], (250, 250), (250, 250), (249, 250), (250, 250), (248, 250), (250, 250), (250, 250), (250, 250), (250, 250), (250, 250), (249, 250), (249, 250), [190, 190], [190, 190], (250, 250), (250, 250), (249, 250), [189, 190], (250, 250), (249, 250), [187, 190], [187, 190], [186, 190], (250, 250), (250, 250), (250, 250), (250, 250), (249, 250), (248, 250), (247, 250), (247, 250), (250, 250), (250, 250), (245, 250), (250, 250), (250, 250), (250, 250), (250, 250), (249, 250), (249, 250), (241, 250), (241, 250), (241, 250), (241, 250), (250, 250), (239, 250), (232, 250), (232, 250), (250, 250), (250, 250), (250, 250), (250, 250), (250, 250), (249, 250), (250, 250), (250, 250), (220, 220), (220, 220), (250, 250), (250, 250), (249, 250), (248, 250), (250, 250), (250, 250), (220, 220), (250, 250), (250, 250), (220, 220), (250, 250), [160, 160], [160, 160], (250, 250), (250, 250), (250, 250), (250, 250), (250, 250), (250, 250), (250, 250), (249, 250), (249, 250), (250, 250), (250, 250), (250, 250), (250, 250), (250, 250), (250, 250), (250, 250), (250, 250), (250, 250), (250, 250), (250, 250), (250, 250), (250, 250), (250, 250), (250, 250), (249, 250), (247, 250), (250, 250), (220, 220), (220, 220), (250, 250), (250, 250), (250, 250), (249, 250), (250, 250), (250, 250), (250, 250), (248, 250), (247, 250), (220, 220), (220, 220), (220, 220), (220, 220), (220, 220), (250, 250), (250, 250), (250, 250), (249, 250), (249, 250), (250, 250), (250, 250), (248, 250), (220, 220), (220, 220), (220, 220), (250, 250), (250, 250), (243, 250), (239, 250), [130, 130], [130, 130], [130, 130], [130, 130], (220, 220), (220, 220), (220, 220), (250, 250), (220, 220), (220, 220), (249, 250), (248, 250), (217, 220), (220, 220), (220, 220), (218, 220), (218, 220), (218, 220), (213, 220), (214, 220), (207, 220), (191, 220), (180, 190), (180, 190)]
Resultado BRKGA 2: 66830 [[250, 250], [250, 250], (250, 250), (250, 250), [249, 250], [249, 250], [249, 250], (250, 250), (250, 250), (249, 250), (249, 250), [246, 250], [245, 250], [245, 250], (250, 250), (250, 250), (250, 250), (248, 250), [242, 250], (250, 250), [241, 250], (250, 250), [239, 250], (250, 250), (250, 250), (250, 250), (250, 250), (250, 250), (250, 250), (250, 250), (250, 250), (250, 250), (250, 250), (247, 250), (250, 250), (246, 250), [234, 250], [234, 250], [234, 250], [234, 250], (250, 250), (250, 250), (250, 250), (250, 250), [233, 250], (250, 250), [231, 250], (250, 250), (250, 250), (250, 250), [229, 250], [228, 250], [228, 250], [228, 250], [228, 250], (250, 250), [227, 250], [227, 250], (250, 250), (250, 250), (250, 250), (250, 250), (249, 250), (250, 250), (250, 250), (250, 250), (250, 250), (250, 250), (246, 250), [220, 220], [220, 220], [220, 220], (249, 250), (249, 250), (249, 250), (250, 250), (250, 250), [217, 220], (250, 250), [216, 220], [216, 220], [216, 220], [216, 220], (250, 250), (250, 250), [215, 220], [215, 220], [215, 220], [215, 220], [215, 220], (250, 250), (250, 250), (250, 250), (250, 250), [213, 220], [213, 220], (250, 250), (250, 250), (250, 250), (250, 250), (249, 250), (250, 250), (250, 250), (249, 250), (250, 250), (245, 250), (244, 250), (250, 250), (250, 250), (250, 250), (250, 250), (241, 250), [203, 220], [203, 220], [203, 220], [203, 220], (250, 250), (250, 250), (250, 250), (250, 250), (249, 250), (247, 250), [199, 220], [199, 220], [198, 220], (250, 250), (250, 250), (249, 250), (250, 250), (248, 250), (250, 250), (250, 250), (250, 250), (250, 250), (250, 250), (249, 250), (249, 250), [190, 190], [190, 190], (250, 250), (250, 250), (249, 250), [189, 190], (250, 250), (249, 250), [187, 190], [187, 190], [186, 190], (250, 250), (250, 250), (250, 250), (250, 250), (249, 250), (248, 250), (247, 250), (247, 250), (250, 250), (250, 250), (245, 250), (250, 250), (250, 250), (250, 250), (250, 250), (249, 250), (249, 250), (241, 250), (241, 250), (241, 250), (241, 250), (250, 250), (239, 250), (232, 250), (232, 250), (250, 250), (250, 250), (250, 250), (250, 250), (250, 250), (249, 250), (250, 250), (250, 250), (220, 220), (220, 220), (250, 250), (250, 250), (249, 250), (248, 250), (250, 250), (250, 250), (220, 220), (250, 250), (250, 250), (220, 220), (250, 250), [160, 160], [160, 160], (250, 250), (250, 250), (250, 250), (250, 250), (250, 250), (250, 250), (250, 250), (249, 250), (249, 250), (250, 250), (250, 250), (250, 250), (250, 250), (250, 250), (250, 250), (250, 250), (250, 250), (250, 250), (250, 250), (250, 250), (250, 250), (250, 250), (250, 250), (250, 250), (249, 250), (247, 250), (250, 250), (220, 220), (220, 220), (250, 250), (250, 250), (250, 250), (249, 250), (250, 250), (250, 250), (250, 250), (248, 250), (247, 250), (220, 220), (220, 220), (220, 220), (220, 220), (220, 220), (250, 250), (250, 250), (250, 250), (249, 250), (249, 250), (250, 250), (250, 250), (248, 250), (220, 220), (220, 220), (220, 220), (250, 250), (250, 250), (243, 250), (239, 250), [130, 130], [130, 130], [130, 130], [130, 130], (220, 220), (220, 220), (220, 220), (250, 250), (220, 220), (220, 220), (249, 250), (248, 250), (217, 220), (220, 220), (220, 220), (218, 220), (218, 220), (218, 220), (213, 220), (214, 220), (207, 220), (191, 220), (180, 190), (180, 190)]
Resultado BRKGA 3: 66830 [[250, 250], [250, 250], (250, 250), (250, 250), [249, 250], [249, 250], [249, 250], (250, 250), (250, 250), (249, 250), (249, 250), [246, 250], [245, 250], [245, 250], (250, 250), (250, 250), (250, 250), (248, 250), [242, 250], (250, 250), [241, 250], (250, 250), [239, 250], (250, 250), (250, 250), (250, 250), (250, 250), (250, 250), (250, 250), (250, 250), (250, 250), (250, 250), (250, 250), (247, 250), (250, 250), (246, 250), [234, 250], [234, 250], [234, 250], [234, 250], (250, 250), (250, 250), (250, 250), (250, 250), [233, 250], (250, 250), [231, 250], (250, 250), (250, 250), (250, 250), [229, 250], [228, 250], [228, 250], [228, 250], [228, 250], (250, 250), [227, 250], [227, 250], (250, 250), (250, 250), (250, 250), (250, 250), (249, 250), (250, 250), (250, 250), (250, 250), (250, 250), (250, 250), (246, 250), [220, 220], [220, 220], [220, 220], (249, 250), (249, 250), (249, 250), (250, 250), (250, 250), [217, 220], (250, 250), [216, 220], [216, 220], [216, 220], [216, 220], (250, 250), (250, 250), [215, 220], [215, 220], [215, 220], [215, 220], [215, 220], (250, 250), (250, 250), (250, 250), (250, 250), [213, 220], [213, 220], (250, 250), (250, 250), (250, 250), (250, 250), (249, 250), (250, 250), (250, 250), (249, 250), (250, 250), (245, 250), (244, 250), (250, 250), (250, 250), (250, 250), (250, 250), (241, 250), [203, 220], [203, 220], [203, 220], [203, 220], (250, 250), (250, 250), (250, 250), (250, 250), (249, 250), (247, 250), [199, 220], [199, 220], [198, 220], (250, 250), (250, 250), (249, 250), (250, 250), (248, 250), (250, 250), (250, 250), (250, 250), (250, 250), (250, 250), (249, 250), (249, 250), [190, 190], [190, 190], (250, 250), (250, 250), (249, 250), [189, 190], (250, 250), (249, 250), [187, 190], [187, 190], [186, 190], (250, 250), (250, 250), (250, 250), (250, 250), (249, 250), (248, 250), (247, 250), (247, 250), (250, 250), (250, 250), (245, 250), (250, 250), (250, 250), (250, 250), (250, 250), (249, 250), (249, 250), (241, 250), (241, 250), (241, 250), (241, 250), (250, 250), (239, 250), (232, 250), (232, 250), (250, 250), (250, 250), (250, 250), (250, 250), (250, 250), (249, 250), (250, 250), (250, 250), (220, 220), (220, 220), (250, 250), (250, 250), (249, 250), (248, 250), (250, 250), (250, 250), (220, 220), (250, 250), (250, 250), (220, 220), (250, 250), [160, 160], [160, 160], (250, 250), (250, 250), (250, 250), (250, 250), (250, 250), (250, 250), (250, 250), (249, 250), (249, 250), (250, 250), (250, 250), (250, 250), (250, 250), (250, 250), (250, 250), (250, 250), (250, 250), (250, 250), (250, 250), (250, 250), (250, 250), (250, 250), (250, 250), (250, 250), (249, 250), (247, 250), (250, 250), (220, 220), (220, 220), (250, 250), (250, 250), (250, 250), (249, 250), (250, 250), (250, 250), (250, 250), (248, 250), (247, 250), (220, 220), (220, 220), (220, 220), (220, 220), (220, 220), (250, 250), (250, 250), (250, 250), (249, 250), (249, 250), (250, 250), (250, 250), (248, 250), (220, 220), (220, 220), (220, 220), (250, 250), (250, 250), (243, 250), (239, 250), [130, 130], [130, 130], [130, 130], [130, 130], (220, 220), (220, 220), (220, 220), (250, 250), (220, 220), (220, 220), (249, 250), (248, 250), (217, 220), (220, 220), (220, 220), (218, 220), (218, 220), (218, 220), (213, 220), (214, 220), (207, 220), (191, 220), (180, 190), (180, 190)]
Media dos resultados MS: 66830.0

Instancia: H&Slin500-1-4.txt, 2025-05-09 23:59:31

Resultado BRKGA 1: 64140 [[250, 250], (250, 250), (250, 250), [247, 250], [247, 250], [247, 250], (250, 250), (250, 250), (249, 250), (250, 250), (250, 250), (250, 250), (250, 250), (250, 250), (250, 250), (250, 250), (250, 250), (250, 250), (249, 250), (247, 250), (250, 250), (250, 250), (250, 250), (250, 250), (250, 250), (250, 250), (250, 250), (250, 250), (250, 250), (250, 250), (250, 250), (250, 250), (250, 250), (250, 250), (247, 250), (246, 250), (250, 250), (245, 250), (250, 250), (250, 250), (250, 250), (250, 250), (249, 250), (249, 250), (250, 250), (250, 250), (250, 250), (250, 250), (250, 250), (250, 250), (249, 250), (250, 250), (250, 250), (250, 250), (250, 250), (250, 250), [220, 220], (250, 250), (249, 250), (250, 250), (250, 250), (250, 250), (250, 250), (250, 250), (250, 250), (250, 250), (250, 250), (250, 250), (248, 250), (248, 250), (248, 250), (246, 250), (245, 250), (245, 250), (250, 250), (243, 250), (250, 250), (250, 250), (240, 250), [210, 220], [210, 220], [209, 220], [209, 220], [209, 220], [209, 220], (250, 250), (249, 250), (250, 250), (250, 250), (247, 250), (233, 250), (250, 250), (250, 250), (250, 250), (250, 250), (250, 250), (250, 250), (250, 250), (249, 250), (247, 250), (246, 250), (246, 250), (245, 250), (245, 250), (250, 250), [198, 220], (250, 250), (250, 250), (250, 250), (250, 250), (247, 250), (247, 250), (250, 250), [193, 220], (250, 250), (250, 250), (250, 250), (250, 250), (250, 250), [190, 190], [190, 190], [190, 190], (250, 250), (250, 250), (250, 250), (250, 250), (250, 250), (250, 250), (250, 250), (250, 250), (249, 250), (249, 250), (246, 250), (250, 250), (250, 250), (250, 250), (245, 250), (250, 250), [184, 190], [184, 190], [184, 190], [184, 190], [184, 190], [184, 190], (250, 250), (250, 250), (250, 250), (250, 250), (249, 250), [181, 190], [181, 190], (250, 250), (250, 250), (250, 250), (250, 250), (250, 250), (250, 250), (247, 250), [177, 190], (250, 250), (250, 250), (250, 250), (250, 250), (249, 250), (248, 250), (248, 250), (250, 250), (247, 250), (250, 250), (246, 250), (250, 250), (250, 250), (250, 250), (250, 250), (250, 250), [169, 190], (250, 250), (250, 250), (250, 250), (249, 250), (250, 250), (250, 250), (248, 250), (248, 250), (250, 250), (250, 250), (250, 250), [160, 160], [160, 160], (250, 250), (250, 250), (248, 250), (248, 250), (247, 250), (250, 250), [157, 160], (250, 250), (249, 250), (249, 250), [155, 160], [155, 160], [155, 160], (250, 250), (250, 250), (250, 250), (250, 250), (250, 250), (250, 250), (248, 250), (247, 250), (247, 250), (247, 250), [150, 160], [150, 160], (250, 250), (249, 250), (250, 250), (250, 250), (248, 250), (247, 250), (250, 250), (250, 250), (250, 250), (250, 250), (249, 250), (248, 250), (243, 250), (226, 250), (224, 250), (224, 250), (250, 250), (250, 250), (249, 250), (222, 250), (222, 250), (222, 250), (221, 250), (220, 220), [138, 160], (250, 250), (250, 250), (250, 250), (250, 250), (250, 250), (250, 250), (249, 250), (249, 250), (250, 250), (250, 250), (248, 250), (250, 250), (250, 250), (250, 250), (244, 250), [130, 130], (250, 250), (250, 250), [129, 130], [129, 130], [129, 130], (250, 250), (250, 250), [128, 130], [127, 130], (250, 250), (250, 250), (250, 250)]
