Instancia: prob_25_1.txt, 2025-04-18 22:32:01

Resultado BRKGA 1: 1350 [(150, 150), (119, 120), (120, 120), (120, 120), (120, 120), (120, 120), (149, 150), (149, 150), (150, 150), (150, 150)]
Resultado BRKGA 2: 1350 [(118, 120), (150, 150), (120, 120), (120, 120), (120, 120), (120, 120), (150, 150), (150, 150), (149, 150), (150, 150)]
Resultado BRKGA 3: 1350 [(120, 120), (120, 120), (120, 120), (120, 120), (119, 120), (150, 150), (150, 150), (150, 150), (149, 150), (149, 150)]
Media dos resultados BRKGA: 1350.0 - Melhor: 1350 - Gap: 0.0

Instancia: prob_25_2.txt, 2025-04-18 22:32:35

Resultado BRKGA 1: 1310 [(120, 120), (120, 120), (146, 150), (149, 150), (150, 150), (100, 100), (117, 120), (97, 100), (150, 150), (150, 150)]
Resultado BRKGA 2: 1310 [(149, 150), (100, 100), (120, 120), (119, 120), (150, 150), (146, 150), (98, 100), (120, 120), (149, 150), (148, 150)]
Resultado BRKGA 3: 1310 [(150, 150), (100, 100), (116, 120), (146, 150), (99, 100), (150, 150), (150, 150), (120, 120), (149, 150), (119, 120)]
Media dos resultados BRKGA: 1310.0 - Melhor: 1310 - Gap: 0.0

Instancia: prob_25_3.txt, 2025-04-18 22:32:41

Resultado BRKGA 1: 1140 [(120, 120), (150, 150), (149, 150), (118, 120), (148, 150), (149, 150), (150, 150), (150, 150)]
Resultado BRKGA 2: 1140 [(98, 100), (120, 120), (150, 150), (150, 150), (98, 100), (150, 150), (119, 120), (150, 150), (99, 100)]
Resultado BRKGA 3: 1140 [(148, 150), (118, 120), (149, 150), (150, 150), (150, 150), (150, 150), (150, 150), (119, 120)]
Media dos resultados BRKGA: 1140.0 - Melhor: 1140 - Gap: 0.0

Instancia: prob_25_4.txt, 2025-04-18 22:32:44

Resultado BRKGA 1: 1190 [(120, 120), (99, 100), (149, 150), (120, 120), (150, 150), (100, 100), (150, 150), (150, 150), (150, 150)]
Resultado BRKGA 2: 1200 [(119, 120), (149, 150), (118, 120), (118, 120), (147, 150), (119, 120), (120, 120), (150, 150), (148, 150)]
Resultado BRKGA 3: 1200 [(149, 150), (99, 100), (149, 150), (120, 120), (119, 120), (119, 120), (119, 120), (115, 120), (100, 100), (99, 100)]
Media dos resultados BRKGA: 1196.6666666666667 - Melhor: 1190 - Gap: -0.5602240896358524

Instancia: prob_25_5.txt, 2025-04-18 22:38:07

Resultado BRKGA 1: 1090 [(149, 150), (147, 150), (100, 100), (120, 120), (120, 120), (148, 150), (148, 150), (149, 150)]
Resultado BRKGA 2: 1090 [(98, 100), (150, 150), (147, 150), (120, 120), (119, 120), (150, 150), (149, 150), (148, 150)]
Resultado BRKGA 3: 1090 [(150, 150), (99, 100), (149, 150), (120, 120), (118, 120), (148, 150), (147, 150), (150, 150)]
Media dos resultados BRKGA: 1090.0 - Melhor: 1090 - Gap: 0.0

Instancia: prob_25_6.txt, 2025-04-18 22:38:11

Resultado BRKGA 1: 1260 [(99, 100), (120, 120), (120, 120), (100, 100), (100, 100), (120, 120), (150, 150), (150, 150), (150, 150), (149, 150)]
Resultado BRKGA 2: 1270 [(150, 150), (149, 150), (150, 150), (150, 150), (100, 100), (150, 150), (146, 150), (116, 120), (147, 150)]
Resultado BRKGA 3: 1260 [(99, 100), (99, 100), (120, 120), (120, 120), (120, 120), (150, 150), (150, 150), (100, 100), (150, 150), (150, 150)]
Media dos resultados BRKGA: 1263.3333333333333 - Melhor: 1260 - Gap: -0.2645502645502562

Instancia: prob_25_7.txt, 2025-04-18 22:41:48

