Instancia: prob_25_1.txt, 2025-05-05 15:29:08

Resultado BRKGA 1: 1350 [(120, 120), (120, 120), (120, 120), (150, 150), (149, 150), (149, 150), (119, 120), (150, 150), (150, 150), (120, 120)]
Resultado BRKGA 2: 1350 [(150, 150), (120, 120), (120, 120), (120, 120), (119, 120), (120, 120), (149, 150), (149, 150), (150, 150), (150, 150)]
Resultado BRKGA 3: 1350 [(119, 120), (120, 120), (120, 120), (120, 120), (120, 120), (150, 150), (149, 150), (149, 150), (150, 150), (150, 150)]
Media dos resultados MS: 1350.0

Instancia: prob_25_2.txt, 2025-05-05 15:30:30

Resultado BRKGA 1: 1310 [(120, 120), (98, 100), (150, 150), (119, 120), (150, 150), (119, 120), (146, 150), (150, 150), (100, 100), (147, 150)]
Resultado BRKGA 2: 1310 [(100, 100), (150, 150), (120, 120), (150, 150), (120, 120), (100, 100), (113, 120), (148, 150), (150, 150), (148, 150)]
Resultado BRKGA 3: 1310 [(120, 120), (120, 120), (150, 150), (145, 150), (100, 100), (147, 150), (120, 120), (149, 150), (150, 150), (98, 100)]
Media dos resultados MS: 1310.0

Instancia: prob_25_3.txt, 2025-05-05 15:30:33

Resultado BRKGA 1: 1140 [(100, 100), (150, 150), (98, 100), (149, 150), (100, 100), (149, 150), (149, 150), (120, 120), (119, 120)]
Resultado BRKGA 2: 1140 [(150, 150), (120, 120), (149, 150), (148, 150), (149, 150), (149, 150), (150, 150), (119, 120)]
Resultado BRKGA 3: 1140 [(148, 150), (150, 150), (119, 120), (120, 120), (148, 150), (149, 150), (150, 150), (150, 150)]
Media dos resultados MS: 1140.0

Instancia: prob_25_4.txt, 2025-05-05 15:30:36

Resultado BRKGA 1: 1190 [(150, 150), (120, 120), (119, 120), (150, 150), (149, 150), (150, 150), (150, 150), (100, 100), (100, 100)]
Resultado BRKGA 2: 1190 [(100, 100), (150, 150), (120, 120), (150, 150), (120, 120), (150, 150), (149, 150), (150, 150), (99, 100)]
Resultado BRKGA 3: 1190 [(120, 120), (120, 120), (150, 150), (149, 150), (100, 100), (100, 100), (150, 150), (149, 150), (150, 150)]
Media dos resultados MS: 1190.0

Instancia: prob_25_5.txt, 2025-05-05 15:30:49

Resultado BRKGA 1: 1090 [(148, 150), (100, 100), (120, 120), (148, 150), (120, 120), (146, 150), (150, 150), (149, 150)]
Resultado BRKGA 2: 1090 [(150, 150), (150, 150), (118, 120), (100, 100), (120, 120), (147, 150), (146, 150), (150, 150)]
Resultado BRKGA 3: 1090 [(120, 120), (148, 150), (150, 150), (100, 100), (98, 100), (100, 100), (120, 120), (146, 150), (99, 100)]
Media dos resultados MS: 1090.0

Instancia: prob_25_6.txt, 2025-05-05 15:30:52

Resultado BRKGA 1: 1270 [(119, 120), (119, 120), (119, 120), (150, 150), (150, 150), (115, 120), (99, 100), (119, 120), (118, 120), (150, 150)]
Resultado BRKGA 2: 1260 [(149, 150), (120, 120), (150, 150), (120, 120), (150, 150), (120, 120), (150, 150), (150, 150), (149, 150)]
Resultado BRKGA 3: 1260 [(150, 150), (120, 120), (120, 120), (150, 150), (149, 150), (150, 150), (120, 120), (149, 150), (150, 150)]
Media dos resultados MS: 1263.3333333333333

Instancia: prob_25_7.txt, 2025-05-05 15:34:16

Resultado BRKGA 1: 1260 [(99, 100), (98, 100), (95, 100), (149, 150), (150, 150), (119, 120), (150, 150), (120, 120), (119, 120), (149, 150)]
Resultado BRKGA 2: 1260 [(99, 100), (120, 120), (98, 100), (150, 150), (118, 120), (119, 120), (100, 100), (146, 150), (149, 150), (149, 150)]
Resultado BRKGA 3: 1260 [(120, 120), (147, 150), (147, 150), (120, 120), (150, 150), (148, 150), (118, 120), (150, 150), (148, 150)]
Media dos resultados MS: 1260.0

Instancia: prob_25_8.txt, 2025-05-05 15:41:46

Resultado BRKGA 1: 1260 [(148, 150), (119, 120), (120, 120), (148, 150), (146, 150), (150, 150), (120, 120), (150, 150), (149, 150)]
Resultado BRKGA 2: 1260 [(118, 120), (149, 150), (150, 150), (119, 120), (118, 120), (150, 150), (146, 150), (150, 150), (150, 150)]
Resultado BRKGA 3: 1260 [(118, 120), (149, 150), (150, 150), (149, 150), (120, 120), (114, 120), (150, 150), (150, 150), (150, 150)]
Media dos resultados MS: 1260.0

Instancia: prob_25_9.txt, 2025-05-05 15:49:16

Resultado BRKGA 1: 1350 [(148, 150), (120, 120), (118, 120), (120, 120), (150, 150), (118, 120), (150, 150), (149, 150), (148, 150), (119, 120)]
Resultado BRKGA 2: 1350 [(119, 120), (117, 120), (120, 120), (120, 120), (150, 150), (120, 120), (150, 150), (146, 150), (148, 150), (150, 150)]
Resultado BRKGA 3: 1350 [(99, 100), (100, 100), (146, 150), (117, 120), (120, 120), (120, 120), (120, 120), (150, 150), (118, 120), (150, 150), (100, 100)]
Media dos resultados MS: 1350.0

Instancia: prob_25_10.txt, 2025-05-05 15:49:45

Resultado BRKGA 1: 1370 [(150, 150), (150, 150), (150, 150), (149, 150), (150, 150), (120, 120), (149, 150), (146, 150), (99, 100), (100, 100)]
Resultado BRKGA 2: 1370 [(150, 150), (120, 120), (99, 100), (99, 100), (148, 150), (149, 150), (150, 150), (150, 150), (148, 150), (150, 150)]
Resultado BRKGA 3: 1370 [(99, 100), (119, 120), (150, 150), (150, 150), (149, 150), (150, 150), (150, 150), (150, 150), (148, 150), (98, 100)]
Media dos resultados MS: 1370.0

Instancia: prob_50_1.txt, 2025-05-05 15:50:03

Resultado BRKGA 1: 1940 [(150, 150), (120, 120), (148, 150), (150, 150), (100, 100), (100, 100), (150, 150), (150, 150), (120, 120), (150, 150), (149, 150), (149, 150), (150, 150), (148, 150)]
Resultado BRKGA 2: 1940 [(100, 100), (100, 100), (100, 100), (120, 120), (150, 150), (118, 120), (150, 150), (100, 100), (99, 100), (150, 150), (150, 150), (150, 150), (148, 150), (149, 150), (150, 150)]
Resultado BRKGA 3: 1940 [(120, 120), (120, 120), (150, 150), (149, 150), (150, 150), (100, 100), (120, 120), (120, 120), (100, 100), (119, 120), (120, 120), (149, 150), (147, 150), (150, 150), (120, 120)]
Media dos resultados MS: 1940.0

Instancia: prob_50_2.txt, 2025-05-05 15:54:11

Resultado BRKGA 1: 2210 [(120, 120), (100, 100), (120, 120), (120, 120), (150, 150), (100, 100), (150, 150), (120, 120), (150, 150), (120, 120), (150, 150), (119, 120), (149, 150), (120, 120), (147, 150), (118, 120), (150, 150)]
Resultado BRKGA 2: 2210 [(100, 100), (96, 100), (120, 120), (150, 150), (150, 150), (150, 150), (150, 150), (150, 150), (150, 150), (120, 120), (120, 120), (149, 150), (150, 150), (149, 150), (150, 150), (149, 150)]
Resultado BRKGA 3: 2210 [(149, 150), (150, 150), (116, 120), (150, 150), (98, 100), (120, 120), (150, 150), (150, 150), (120, 120), (150, 150), (100, 100), (150, 150), (150, 150), (150, 150), (150, 150), (150, 150)]
Media dos resultados MS: 2210.0

Instancia: prob_50_3.txt, 2025-05-05 15:56:28

Resultado BRKGA 1: 2720 [(120, 120), (116, 120), (120, 120), (119, 120), (150, 150), (149, 150), (96, 100), (150, 150), (150, 150), (149, 150), (150, 150), (98, 100), (150, 150), (150, 150), (150, 150), (120, 120), (148, 150), (149, 150), (120, 120), (146, 150)]
Resultado BRKGA 2: 2730 [(150, 150), (118, 120), (150, 150), (119, 120), (149, 150), (119, 120), (120, 120), (145, 150), (100, 100), (149, 150), (148, 150), (150, 150), (147, 150), (148, 150), (148, 150), (150, 150), (100, 100), (150, 150), (149, 150), (91, 100)]
Resultado BRKGA 3: 2730 [(146, 150), (120, 120), (149, 150), (150, 150), (150, 150), (146, 150), (148, 150), (149, 150), (148, 150), (147, 150), (148, 150), (120, 120), (149, 150), (149, 150), (148, 150), (119, 120), (114, 120), (150, 150), (150, 150)]
Media dos resultados MS: 2726.6666666666665

Instancia: prob_50_4.txt, 2025-05-05 16:03:58

Resultado BRKGA 1: 2530 [(120, 120), (119, 120), (120, 120), (120, 120), (148, 150), (120, 120), (150, 150), (120, 120), (118, 120), (100, 100), (119, 120), (119, 120), (148, 150), (150, 150), (150, 150), (149, 150), (150, 150), (150, 150), (149, 150)]
Resultado BRKGA 2: 2540 [(100, 100), (150, 150), (120, 120), (150, 150), (119, 120), (149, 150), (146, 150), (150, 150), (119, 120), (150, 150), (145, 150), (116, 120), (120, 120), (120, 120), (149, 150), (150, 150), (149, 150), (119, 120), (98, 100)]
Resultado BRKGA 3: 2530 [(100, 100), (150, 150), (150, 150), (149, 150), (150, 150), (120, 120), (150, 150), (120, 120), (120, 120), (120, 120), (120, 120), (150, 150), (150, 150), (150, 150), (116, 120), (119, 120), (149, 150), (118, 120), (118, 120)]
Media dos resultados MS: 2533.3333333333335

Instancia: prob_50_5.txt, 2025-05-05 16:11:28

Resultado BRKGA 1: 2600 [(149, 150), (120, 120), (150, 150), (120, 120), (120, 120), (118, 120), (150, 150), (120, 120), (100, 100), (120, 120), (150, 150), (148, 150), (120, 120), (120, 120), (120, 120), (97, 100), (119, 120), (150, 150), (150, 150), (147, 150)]
Resultado BRKGA 2: 2610 [(120, 120), (150, 150), (120, 120), (116, 120), (120, 120), (119, 120), (120, 120), (120, 120), (117, 120), (119, 120), (119, 120), (120, 120), (118, 120), (150, 150), (100, 100), (100, 100), (147, 150), (150, 150), (149, 150), (120, 120), (94, 100)]
Resultado BRKGA 3: 2600 [(150, 150), (150, 150), (120, 120), (150, 150), (120, 120), (150, 150), (120, 120), (120, 120), (119, 120), (147, 150), (120, 120), (119, 120), (97, 100), (98, 100), (118, 120), (120, 120), (150, 150), (150, 150), (120, 120), (150, 150)]
Media dos resultados MS: 2603.3333333333335

Instancia: prob_50_6.txt, 2025-05-05 16:18:58

