Instancia: prob_25_1.txt, 2025-05-05 22:22:17

Resultado BRKGA 1: 1350 [(150, 150), (120, 120), (120, 120), (120, 120), (149, 150), (150, 150), (120, 120), (150, 150), (119, 120), (149, 150)]
Resultado BRKGA 2: 1350 [(120, 120), (120, 120), (120, 120), (150, 150), (150, 150), (149, 150), (149, 150), (150, 150), (120, 120), (119, 120)]
Resultado BRKGA 3: 1350 [(150, 150), (149, 150), (149, 150), (120, 120), (120, 120), (119, 120), (120, 120), (120, 120), (150, 150), (150, 150)]
Media dos resultados MS: 1350.0

Instancia: prob_25_2.txt, 2025-05-05 22:25:19

Resultado BRKGA 1: 1310 [(120, 120), (147, 150), (149, 150), (145, 150), (100, 100), (100, 100), (150, 150), (120, 120), (119, 120), (149, 150)]
Resultado BRKGA 2: 1310 [(120, 120), (150, 150), (98, 100), (148, 150), (120, 120), (148, 150), (100, 100), (115, 120), (150, 150), (150, 150)]
